PRGS,ORCH_1_Dstop,ORCH_1_Drestart,ORCH_1_Fstop,ORCH_1_Frestart,PSCS__TAU,HUM_1_VEL,HUM_2_VEL,HUM_1_FW,HUM_1_AGE,HUM_1_STA,HUM_2_FW,HUM_2_AGE,HUM_2_STA,HUM_1_POS_X,HUM_1_POS_Y,HUM_2_POS_X,HUM_2_POS_Y,ROB_1_VEL,ROB_1_CHG
5,7.27,3.92,0.51,0.36,1,45.0,93.0,2,1,1,0,0,2,2747.17,193.79,2889.94,193.49,52.0,12.21112706
3,5.43,3.21,0.56,0.27,401,97.0,65.0,1,0,2,2,1,1,400.0,200.0,2878.52,194.36,47.0,12.11335617
0,6.87,3.35,0.59,0.3,508,59.0,59.0,0,1,1,2,1,0,4332.25,220.93,1623.48,284.73,76.0,12.30002911
0,6.63,2.32,0.64,0.35,603,56.0,73.0,1,0,1,1,1,0,104.91,208.84,2206.47,300.61,84.0,11.25777779
0,6.26,2.38,0.77,0.39,470,72.0,59.0,0,1,2,2,0,0,1732.13,371.8,322.29,266.87,92.0,12.27882619
1,7.01,2.83,0.62,0.11,110,22.0,52.0,2,0,0,0,1,1,419.22,199.33,1140.8,194.22,70.0,11.49312296
3,7.27,3.92,0.51,0.36,335,45.0,93.0,2,1,1,0,0,2,487.53,171.67,2889.94,193.49,52.0,12.30781347
0,5.32,2.64,0.61,0.36,230,56.0,99.0,2,0,1,1,0,0,324.43,173.64,2587.67,305.43,43.0,11.61346666
1,6.13,4.36,0.74,0.24,166,36.0,56.0,0,1,1,0,1,1,402.89,183.86,3785.3,270.22,89.0,11.09418635
0,6.34,3.28,0.75,0.26,170,83.0,94.0,2,1,1,0,0,0,3035.95,476.62,3222.69,767.67,72.0,11.84423621
5,6.0,2.49,0.69,0.29,196,39.0,36.0,0,0,1,0,0,2,2956.69,197.29,2922.66,204.4,66.0,11.09390213
0,5.32,2.64,0.61,0.36,460,56.0,99.0,2,0,1,1,0,0,324.43,173.64,2587.67,305.43,43.0,11.67981142
0,7.048757729,2.129006479,0.637046487,0.2855790499,467,98.99663376,67.40761188,0,0,1,1,0,1,3922.46,260.71,1380.68,415.8,82.5249439,11.65043804
0,5.59,4.24,0.51,0.32,224,75.0,87.0,0,0,2,0,1,1,339.56,166.71,1597.98,306.47,53.0,11.36650142
0,5.41,3.39,0.67,0.11,274,32.0,30.0,2,1,1,0,1,0,1549.93,226.38,3014.82,769.25,60.0,11.26935267
3,5.21,4.08,0.71,0.34,376,38.0,39.0,1,1,0,2,1,0,476.17,185.49,2951.08,199.94,93.0,11.64393331
0,6.67,2.9,0.73,0.14,606,54.0,43.0,0,1,2,0,0,1,179.28,621.78,2626.14,228.42,39.0,11.16019251
0,5.91,4.21,0.71,0.13,660,38.0,97.0,0,0,2,1,1,1,4329.73,386.37,1449.88,242.42,60.0,11.19472359
0,6.377196161,3.712622781,0.5134356351,0.3030923165,310,99.80297858,36.07313565,1,1,0,0,0,0,4347.14,534.45,352.97,220.62,72.11091909,12.00216168
0,7.05,2.12,0.74,0.33,372,75.0,35.0,2,0,0,2,1,0,3138.2,228.91,1217.09,746.95,32.0,12.19614013
5,7.27,3.92,0.51,0.36,168,45.0,93.0,2,1,1,0,0,2,2762.19,194.35,2889.94,193.49,52.0,12.25874085
0,5.15,4.13,0.79,0.11,497,51.0,52.0,0,0,0,1,1,1,4368.95,701.34,2229.06,294.91,54.0,12.31845513
0,5.97,3.44,0.76,0.14,693,74.0,63.0,2,0,1,1,1,2,2435.56,591.61,1462.01,536.68,79.0,12.00947781
0,6.38,2.79,0.6,0.19,176,86.0,63.0,0,0,1,2,1,1,1889.35,340.61,631.28,692.81,75.0,11.43417628
3,5.48,2.63,0.65,0.17,178,23.0,65.0,0,0,2,0,1,2,500.38,185.11,2874.12,194.38,37.0,11.21125183
0,6.67,2.9,0.73,0.14,606,54.0,43.0,0,1,2,0,0,1,179.28,621.78,2626.14,228.42,39.0,11.16019251
0,6.42,2.15,0.71,0.12,145,51.0,83.0,0,0,0,2,1,1,1976.28,407.9,2528.11,229.78,59.0,12.0555069
0,6.34,3.28,0.75,0.26,340,83.0,94.0,2,1,1,0,0,0,3035.95,476.62,3222.69,767.67,72.0,11.89448811
0,6.67,2.59,0.76,0.18,289,58.0,76.0,0,0,2,1,1,1,1913.61,326.97,825.52,691.49,69.0,11.40120864
4,5.05,3.94,0.65,0.34,92,64.0,53.0,2,1,0,2,1,0,2360.09,171.92,2850.06,197.14,91.0,11.4992673
5,5.27,3.72,0.59,0.39,146,82.0,50.0,0,1,1,0,0,1,2714.13,193.59,2872.31,200.81,86.0,11.96877681
0,6.258245067,2.384480131,0.7677434414,0.3862462485,471,72.45963064,59.46068142,0,1,2,2,0,0,1732.13,371.8,322.29,266.87,92.07693769,12.27885978
4,6.63,2.32,0.64,0.35,402,56.0,73.0,1,0,1,1,1,0,2905.42,197.49,2796.19,196.66,84.0,11.19686407
0,6.13,4.36,0.74,0.24,332,36.0,56.0,0,1,1,0,1,1,402.89,183.86,3785.3,270.22,89.0,11.11924741
3,6.63,2.32,0.64,0.35,201,56.0,73.0,1,0,1,1,1,0,394.36,169.53,2869.81,195.09,84.0,11.13854673
1,6.42,3.7,0.53,0.38,1,83.0,32.0,2,1,1,2,1,0,110.69,488.87,519.32,262.95,83.0,11.26210042
0,5.91,4.21,0.71,0.13,220,38.0,97.0,0,0,2,1,1,1,2701.9,163.62,1449.88,242.42,60.0,11.11011799
4,6.26,2.38,0.77,0.39,313,72.0,59.0,0,1,2,2,0,0,1766.02,174.47,2849.52,197.29,92.0,12.23119621
0,5.43,2.85,0.5,0.33,253,31.0,75.0,0,0,0,2,0,2,211.87,723.35,1777.71,414.59,46.0,11.48085857
0,6.38,2.79,0.6,0.19,351,86.0,63.0,0,0,1,2,1,1,1889.35,340.61,631.28,692.81,75.0,11.48500788
0,6.813970164,2.959390182,0.6023728521,0.2216156357,593,35.04858069,73.10501779,0,1,0,1,0,0,2823.94,340.35,190.55,268.99,36.35893548,12.04762074
0,5.9,3.15,0.65,0.23,405,96.0,30.0,2,0,1,2,1,2,4435.4,584.89,110.12,754.44,95.0,12.36323709
0,6.42,2.66,0.55,0.21,343,34.0,48.0,2,1,1,2,1,0,3992.77,789.41,1400.13,767.97,92.0,11.19720196
5,5.43,3.21,0.56,0.27,201,97.0,65.0,1,0,2,2,1,1,2924.57,195.02,2878.52,194.36,47.0,12.05502026
0,7.04,3.54,0.54,0.23,451,42.0,83.0,1,1,1,2,0,1,526.6,250.38,305.31,750.11,94.0,11.21870049
5,5.05,3.94,0.65,0.34,92,64.0,53.0,2,1,0,2,1,0,2903.45,195.18,2881.35,197.22,91.0,11.49924606
2,5.05,3.94,0.65,0.34,183,64.0,53.0,2,1,0,2,1,0,379.75,173.27,2161.19,183.99,91.0,11.5265558
0,5.65,3.24,0.71,0.27,199,86.0,80.0,0,0,1,1,0,0,327.0,161.77,4200.11,792.34,85.0,11.66090222
0,6.04,3.97,0.69,0.29,414,39.0,66.0,1,1,0,0,1,0,3123.19,226.18,3147.96,466.79,61.0,11.99578242
4,6.26,2.38,0.77,0.39,156,72.0,59.0,0,1,2,2,0,0,2197.95,183.74,2968.74,199.35,92.0,12.18505657
0,6.46,3.1,0.7,0.31,284,65.0,70.0,2,1,1,1,0,2,3766.18,776.64,707.5,747.35,83.0,11.42799875
3,6.12,4.05,0.67,0.23,1,47.0,47.0,1,0,1,1,1,2,693.8,191.03,2901.64,199.6,51.0,11.08921244
4,7.04,3.54,0.54,0.23,301,42.0,83.0,1,1,1,2,0,1,500.0,200.0,2882.39,194.49,94.0,11.17290956
0,7.44,2.48,0.71,0.13,250,51.0,98.0,1,1,2,1,1,0,3052.09,573.87,3108.03,421.63,58.0,11.8309645
4,5.05,2.23,0.61,0.13,89,33.0,78.0,0,1,1,1,0,2,1520.19,198.44,2896.08,198.18,72.0,11.49640193
0,7.01,4.45,0.66,0.36,165,76.0,75.0,2,1,2,2,1,1,801.43,728.17,364.2,741.87,35.0,11.66750297
0,6.38,3.71,0.51,0.3,309,99.0,36.0,1,1,0,0,0,0,4347.14,534.45,352.97,220.62,72.0,12.0021403
0,5.91,3.66,0.72,0.16,246,81.0,83.0,2,0,0,1,1,0,267.3,157.62,4377.75,457.08,79.0,11.79967569
0,6.67,2.59,0.76,0.18,289,58.0,76.0,0,0,2,1,1,1,1913.61,326.97,825.52,691.49,69.0,11.40121402
0,6.42,2.15,0.71,0.12,433,51.0,83.0,0,0,0,2,1,1,1976.28,407.9,2528.11,229.78,59.0,12.14154882
4,5.64,4.07,0.54,0.17,85,34.0,57.0,1,1,2,0,1,0,752.38,229.39,2836.39,202.31,83.0,12.34536229
0,5.710332066,4.343234966,0.6599243774,0.2560126013,295,48.20673063,67.75876351,2,0,0,2,1,2,3313.08,212.76,3635.85,690.65,42.11047748,12.37031683
0,5.41,4.19,0.62,0.26,360,38.0,79.0,1,1,2,2,1,2,548.54,194.9,138.53,411.75,39.0,11.16858303
0,5.59,2.6,0.56,0.26,377,59.0,92.0,2,1,1,2,0,1,4161.81,215.39,2432.66,613.06,85.0,12.37726363
1,6.04,3.97,0.69,0.29,276,39.0,66.0,1,1,0,0,1,0,827.68,186.19,1954.39,204.2,61.0,11.95361963
0,6.01,3.44,0.77,0.24,547,46.0,80.0,0,1,0,2,0,2,102.2,276.88,100.8,207.37,40.0,11.78919332
0,7.42,2.81,0.72,0.16,463,78.0,76.0,1,0,2,2,1,2,314.95,157.39,2292.61,482.03,42.0,11.38091017
0,6.94,2.46,0.64,0.2,210,45.0,83.0,2,1,1,0,0,1,2775.41,236.2,2190.72,647.18,76.0,11.10645457
2,6.0,2.49,0.69,0.29,392,39.0,36.0,0,0,1,0,0,2,692.29,190.09,2428.46,232.52,66.0,11.15107921
0,6.669095695,2.900994004,0.7298377939,0.1388972273,607,54.70464132,43.33603363,0,1,2,0,0,1,179.28,621.78,2626.14,228.42,39.35002897,11.16023526
0,6.38,3.71,0.51,0.3,103,99.0,36.0,1,1,0,0,0,0,264.1,117.87,352.97,220.62,72.0,11.94005349
0,5.17,4.01,0.52,0.36,484,34.0,35.0,0,0,1,2,0,2,2243.24,545.97,2157.96,672.09,40.0,12.12244509
0,5.32,2.64,0.61,0.36,690,56.0,99.0,2,0,1,1,0,0,1466.4,709.97,2587.67,305.43,43.0,11.74909577
1,5.9,3.15,0.65,0.23,135,96.0,30.0,2,0,1,2,1,2,519.91,196.0,1371.8,217.54,95.0,12.28256613
3,5.43,3.21,0.56,0.27,201,97.0,65.0,1,0,2,2,1,1,386.67,164.94,2878.52,194.36,47.0,12.05502496
0,6.23,3.65,0.64,0.17,109,38.0,98.0,0,0,0,0,1,2,362.71,182.8,1495.42,387.52,33.0,12.07268198
0,5.27,3.48,0.77,0.2,159,47.0,42.0,1,1,0,0,1,2,329.45,163.8,4048.1,687.35,45.0,11.20476706
4,7.01,2.83,0.62,0.11,1,22.0,52.0,2,0,0,0,1,1,1246.61,167.61,2853.8,196.58,70.0,11.46147317
0,7.17,3.62,0.71,0.16,221,69.0,60.0,0,0,0,2,0,2,403.29,171.22,1596.1,315.44,33.0,12.19210188
4,7.04,3.54,0.54,0.23,301,42.0,83.0,1,1,1,2,0,1,500.0,200.0,2915.39,194.48,94.0,11.17291899
5,7.27,3.92,0.51,0.36,168,45.0,93.0,2,1,1,0,0,2,2822.18,195.74,2889.94,193.49,52.0,12.25873561
0,6.0,2.49,0.69,0.29,588,39.0,36.0,0,0,1,0,0,2,3689.38,746.45,1523.76,782.97,66.0,11.21015176
0,5.59,4.24,0.51,0.32,336,75.0,87.0,0,0,2,0,1,1,1972.4,260.47,1597.98,306.47,53.0,11.40078403
0,6.94,2.46,0.64,0.2,628,45.0,83.0,2,1,1,0,0,1,2775.41,236.2,2190.72,647.18,76.0,11.23035416
2,5.64,4.07,0.54,0.17,171,34.0,57.0,1,1,2,0,1,0,394.58,226.31,2083.46,212.93,83.0,12.37085047
0,5.48,2.63,0.65,0.17,536,38.0,65.0,0,0,2,0,1,2,3572.83,278.65,1329.62,782.03,37.0,11.31748321
0,5.48,4.39,0.61,0.26,169,89.0,54.0,0,1,0,0,0,0,331.56,160.89,2208.45,330.22,71.0,11.35344148
0,7.23,4.03,0.67,0.2,337,49.0,30.0,0,0,0,0,0,2,3009.75,615.6,947.86,795.78,85.0,11.58488579
0,5.207020636,4.077877521,0.7105663065,0.3369301255,565,38.16243304,39.10936172,1,1,0,2,1,0,2574.21,202.37,3436.33,223.66,93.00890531,11.70062584
0,6.957434313,2.913339123,0.5897093594,0.1574586362,572,80.80403148,78.18496774,1,1,2,0,0,1,4231.44,255.66,1354.43,361.91,33.07006224,11.53259813
0,6.55,3.49,0.51,0.38,468,77.0,95.0,1,0,2,1,1,0,3077.84,434.87,3537.83,710.51,45.0,12.17365942
0,6.420731057,2.661426295,0.5511996311,0.2135580999,344,34.48340061,48.18999663,2,1,1,2,1,0,3992.77,789.41,1400.13,767.97,92.76446151,11.19722639
5,6.04,3.97,0.69,0.29,138,23.0,66.0,1,1,0,0,1,0,2523.94,188.48,2839.4,200.1,61.0,11.91334252
3,5.43,3.21,0.56,0.27,1,97.0,65.0,1,0,2,2,1,1,283.37,226.93,2878.52,194.36,47.0,11.99911534
0,5.09,3.09,0.73,0.33,211,99.0,48.0,0,0,1,1,1,1,3092.65,564.46,4010.89,767.06,42.0,11.22179293
0,6.205141165,3.364651665,0.6215800159,0.2023033565,335,51.94884363,64.72457966,2,1,0,2,0,0,1451.39,625.46,1632.24,272.26,78.90255449,11.60869804
0,7.17,3.62,0.71,0.16,110,69.0,60.0,0,0,0,2,0,2,345.53,169.44,1596.1,315.44,33.0,12.1588767
0,6.09,2.93,0.69,0.2,1,72.0,35.0,1,1,1,1,1,1,364.86,182.43,2405.18,406.77,34.0,12.01125044
0,6.81,2.96,0.6,0.22,592,35.0,73.0,0,1,0,1,0,0,2823.94,340.35,190.55,268.99,36.0,12.04757798
0,6.120005538,4.047460215,0.6726328575,0.2318341259,467,47.61777405,47.50763006,1,0,1,1,1,2,2679.6,262.09,3458.65,749.55,51.50176905,11.22605433
0,5.41,4.19,0.62,0.26,540,38.0,79.0,1,1,2,2,1,2,3115.69,584.43,138.53,411.75,39.0,11.22282963
0,7.29,2.83,0.65,0.32,1,58.0,79.0,1,1,0,2,1,1,335.55,167.14,4434.23,442.63,78.0,11.72309303
0,6.81,2.96,0.6,0.22,198,35.0,73.0,0,1,0,1,0,0,2823.94,340.35,190.55,268.99,36.0,11.93073276
4,6.23,3.85,0.55,0.21,342,42.0,96.0,2,1,0,2,1,1,992.71,180.36,2828.56,193.77,67.0,11.92544315
0,6.67,2.59,0.76,0.18,144,58.0,76.0,0,0,2,1,1,1,1913.61,326.97,825.52,691.49,69.0,11.35857097
0,7.05,2.13,0.64,0.29,466,98.0,67.0,0,0,1,1,0,1,3922.46,260.71,1380.68,415.8,82.0,11.65040445
0,5.89,3.2,0.5,0.18,199,65.0,68.0,0,0,0,1,1,1,3059.04,338.15,2547.95,572.69,70.0,11.11415792
0,6.252903171,2.449610385,0.6397975668,0.1692762312,356,91.33779917,31.76570817,1,1,1,1,1,1,751.28,209.26,618.66,271.69,45.72354762,12.23051395
0,5.587365843,2.595963812,0.5644867794,0.2625794053,378,59.79008117,92.8106596,2,1,1,2,0,1,4161.81,215.39,2432.66,613.06,85.96867024,12.37729112
0,5.541728755,3.883634661,0.65590006,0.1111213221,316,72.00214868,54.36420788,1,0,2,1,1,0,833.55,205.47,2652.23,681.42,92.60541929,11.42254907
4,5.27,3.72,0.59,0.39,293,82.0,50.0,0,1,1,0,0,1,895.83,183.6,2872.31,200.81,86.0,12.01202146
0,6.23,3.65,0.64,0.17,329,38.0,98.0,0,0,0,0,1,2,1427.61,714.67,1495.42,387.52,33.0,12.138974
0,5.71,4.34,0.66,0.26,294,48.0,67.0,2,0,0,2,1,2,3313.08,212.76,3635.85,690.65,42.0,12.37029545
3,6.8,2.67,0.67,0.24,181,54.0,89.0,1,1,0,1,1,1,446.4,176.81,2878.22,200.55,80.0,11.368311
0,5.48,2.63,0.65,0.17,357,38.0,65.0,0,0,2,0,1,2,1405.24,166.13,1329.62,782.03,37.0,11.26322504
3,5.05,2.23,0.61,0.13,177,33.0,78.0,0,1,1,1,0,2,156.52,242.37,2896.08,198.18,72.0,11.52249568
0,6.09,2.93,0.69,0.2,1,72.0,35.0,1,1,1,1,1,1,311.69,155.84,2405.18,406.77,34.0,12.01124283
3,5.48,2.63,0.65,0.17,178,23.0,65.0,0,0,2,0,1,2,487.52,185.31,2874.12,194.38,37.0,11.21125759
0,7.28,2.42,0.76,0.36,116,79.0,46.0,2,1,0,1,1,0,2970.74,312.58,403.78,753.84,46.0,11.12670413
0,5.428523759,3.207669876,0.5649153489,0.26821115,602,97.92951157,65.69694939,1,0,2,2,1,1,283.37,226.93,561.99,775.95,47.28361732,12.17367891
0,6.66,3.14,0.69,0.31,269,36.0,93.0,1,1,0,2,1,2,985.35,180.15,1500.49,362.55,49.0,11.26010404
0,5.32,2.64,0.61,0.36,460,56.0,99.0,2,0,1,1,0,0,326.49,173.8,2587.67,305.43,43.0,11.67981101
0,6.96,2.91,0.59,0.16,191,80.0,78.0,1,1,2,0,0,1,266.04,133.01,1354.43,361.91,33.0,11.4198241
0,5.43,3.21,0.56,0.27,601,97.0,65.0,1,0,2,2,1,1,283.37,226.93,561.99,775.95,47.0,12.17363616
5,5.77,3.9,0.74,0.33,176,35.0,85.0,2,0,1,0,1,1,2535.26,188.57,2842.21,194.08,38.0,11.41497853
0,6.02,3.84,0.54,0.18,363,32.0,59.0,1,0,0,1,1,1,348.33,172.92,77.26,630.9,56.0,11.51779995
2,6.0,2.49,0.69,0.29,392,39.0,36.0,0,0,1,0,0,2,715.28,189.11,2188.85,246.16,66.0,11.15107617
3,6.12,4.05,0.67,0.23,1,47.0,47.0,1,0,1,1,1,2,462.51,182.17,2874.59,199.5,51.0,11.10224885
1,5.41,3.39,0.67,0.11,183,32.0,30.0,2,1,1,0,1,0,817.12,209.57,2641.97,178.4,60.0,11.24178579
0,5.477350438,4.39025495,0.6115713486,0.2595949594,510,89.38602648,54.40205586,0,1,0,0,0,0,1880.7,368.9,2208.45,330.22,71.45560139,11.45496294
0,5.91,4.21,0.71,0.13,220,38.0,97.0,0,0,2,1,1,1,2739.9,163.62,1449.88,242.42,60.0,11.11014675
4,6.26,2.38,0.77,0.39,313,72.0,59.0,0,1,2,2,0,0,1550.08,170.61,2968.74,199.35,92.0,12.23122002
0,7.23,4.03,0.67,0.2,1,49.0,30.0,0,0,0,0,0,2,3009.75,615.6,947.86,795.78,85.0,11.48764236
5,7.23,4.3,0.66,0.24,167,61.0,46.0,0,1,0,1,0,1,2925.1,231.67,2924.15,198.27,98.0,11.98768624
0,7.47,2.19,0.57,0.25,395,63.0,59.0,0,1,0,2,1,1,3537.6,727.65,3282.57,257.79,36.0,11.5080543
0,7.28,2.42,0.76,0.36,233,79.0,46.0,2,1,0,1,1,0,2970.74,312.58,403.78,753.84,46.0,11.09022074
5,5.83,4.26,0.51,0.33,212,61.0,49.0,2,1,0,0,1,1,2933.29,284.53,2911.67,196.77,36.0,11.4839789
0,5.86,3.32,0.61,0.16,435,54.0,38.0,1,0,2,1,1,0,3599.64,770.47,4445.72,743.68,72.0,12.105456
0,5.32,2.64,0.61,0.36,690,56.0,99.0,2,0,1,1,0,0,1466.4,709.97,2587.67,305.43,43.0,11.74909577
2,6.12,4.05,0.67,0.23,156,47.0,47.0,1,0,1,1,1,2,693.95,190.17,1587.6,194.37,51.0,11.13343223
0,5.43,2.85,0.5,0.33,253,31.0,75.0,0,0,0,2,0,2,211.87,723.35,1777.71,414.59,46.0,11.48085857
0,5.274168214,3.718070413,0.5896258305,0.3882719498,441,82.8365418,50.88645831,0,1,1,0,0,1,2744.96,374.82,2688.23,307.8,86.18822524,12.05665343
0,5.65,3.24,0.71,0.27,298,86.0,80.0,0,0,1,1,0,0,2244.03,465.03,4200.11,792.34,85.0,11.69090956
0,5.71,4.34,0.66,0.26,294,48.0,67.0,2,0,0,2,1,2,3313.08,212.76,3635.85,690.65,42.0,12.37029545
0,5.91,3.66,0.72,0.16,123,81.0,83.0,2,0,0,1,1,0,267.3,157.62,4377.75,457.08,79.0,11.76289693
0,7.23,4.03,0.67,0.2,505,49.0,30.0,0,0,0,0,0,2,3009.75,615.6,947.86,795.78,85.0,11.63553134
0,5.41,4.19,0.62,0.26,180,38.0,79.0,1,1,2,2,1,2,355.76,177.88,138.53,411.75,39.0,11.11601072
0,5.483097179,2.625244337,0.6477111711,0.1690320131,537,38.3965987,65.5313179,0,0,2,0,1,2,3572.83,278.65,1329.62,782.03,37.85550584,11.31752291
2,6.8,2.67,0.67,0.24,363,54.0,89.0,1,1,0,1,1,1,802.74,186.42,1706.24,205.83,80.0,11.42147295
0,6.014230877,3.435197318,0.766638154,0.2419870804,548,46.74295068,80.50537916,0,1,0,2,0,2,102.2,276.88,100.8,207.37,40.49494743,11.78923301
0,5.03,2.14,0.74,0.25,642,73.0,56.0,2,1,1,0,1,0,1467.38,280.01,607.4,734.15,66.0,11.93622719
0,6.38,2.79,0.6,0.19,526,86.0,63.0,0,0,1,2,1,1,1889.35,340.61,631.28,692.81,75.0,11.53805287
0,5.645189082,3.244276443,0.7139631279,0.2664301147,299,86.89586977,80.74852015,0,0,1,1,0,0,2244.03,465.03,4200.11,792.34,85.99610185,11.69093094
0,5.09,3.09,0.73,0.33,211,99.0,48.0,0,0,1,1,1,1,3092.65,564.46,4010.89,767.06,42.0,11.22179593
0,6.67,2.59,0.76,0.18,144,58.0,76.0,0,0,2,1,1,1,1913.61,326.97,825.52,691.49,69.0,11.35857658
0,6.7,3.12,0.73,0.3,269,39.0,40.0,2,0,0,0,0,0,2016.6,417.93,1559.79,221.11,80.0,12.24113523
0,7.01,4.45,0.66,0.36,495,76.0,75.0,2,1,2,2,1,1,801.43,728.17,364.2,741.87,35.0,11.76602082
5,5.83,4.26,0.51,0.33,212,61.0,49.0,2,1,0,0,1,1,3005.24,281.77,2931.67,196.75,36.0,11.48397411
5,5.17,4.01,0.52,0.36,162,34.0,21.0,0,0,1,2,0,2,2939.18,197.06,2916.71,200.29,40.0,12.02628482
0,6.09,2.93,0.69,0.2,441,72.0,35.0,1,1,1,1,1,1,302.14,146.98,2405.18,406.77,34.0,12.13607727
0,5.049845719,3.936836031,0.645190398,0.3425663672,275,64.61703734,53.33716651,2,1,0,2,1,0,1531.03,480.75,297.23,200.72,91.79949704,11.55413161
0,7.01,4.45,0.66,0.36,165,76.0,75.0,2,1,2,2,1,1,801.43,728.17,364.2,741.87,35.0,11.66748126
5,5.03,2.14,0.74,0.25,428,43.0,56.0,2,1,1,0,1,0,2830.16,196.56,2851.44,198.07,66.0,11.87175845
0,7.12,3.59,0.53,0.11,287,38.0,79.0,0,0,2,1,0,1,2033.75,173.97,176.55,363.53,76.0,11.11291743
0,7.29,3.03,0.75,0.36,162,64.0,74.0,2,0,1,1,0,1,210.64,762.82,1730.07,368.56,52.0,12.16921658
0,5.71,4.34,0.66,0.26,196,48.0,67.0,2,0,0,2,1,2,833.96,185.09,3635.85,690.65,42.0,12.34029183
5,6.23,3.85,0.55,0.21,171,42.0,96.0,2,1,0,2,1,1,2949.09,197.0,2828.56,193.77,67.0,11.87518292
0,5.41,3.39,0.67,0.11,274,32.0,30.0,2,1,1,0,1,0,1549.93,226.38,3014.82,769.25,60.0,11.26935267
0,6.96,2.91,0.59,0.16,381,80.0,78.0,1,1,2,0,0,1,266.63,131.84,1354.43,361.91,33.0,11.47529288
3,6.38,3.71,0.51,0.3,103,59.0,36.0,1,1,0,0,0,0,508.06,199.47,2924.19,198.26,72.0,11.94005141
5,5.97,3.44,0.76,0.14,231,74.0,63.0,2,0,1,1,1,2,2713.85,193.87,2911.47,195.6,79.0,11.87323844
0,5.04981153,2.231425853,0.6109599698,0.1269397776,266,33.05541893,78.53533449,0,1,1,1,0,2,58.26,254.49,1961.04,223.67,72.04101637,11.5494686
5,6.21,3.36,0.62,0.2,112,51.0,64.0,2,1,0,2,0,0,2763.0,194.76,2857.59,200.51,78.0,11.54176892
0,6.38,2.79,0.6,0.19,1,86.0,63.0,0,0,1,2,1,1,1889.35,340.61,631.28,692.81,75.0,11.38438262
1,5.26,3.23,0.66,0.38,276,57.0,95.0,2,1,0,0,1,1,605.41,193.0,1802.86,253.79,50.0,12.28037847
0,6.12,4.05,0.67,0.23,466,47.0,47.0,1,0,1,1,1,2,2679.6,262.09,3458.65,749.55,51.0,11.22602074
0,5.03,2.14,0.74,0.25,642,73.0,56.0,2,1,1,0,1,0,1467.38,280.01,607.4,734.15,66.0,11.93622719
0,5.43,2.85,0.5,0.33,169,18.0,75.0,0,0,0,2,0,2,148.0,743.6,1777.71,414.59,46.0,11.45511668
0,5.05,3.94,0.65,0.34,274,64.0,53.0,2,1,0,2,1,0,1531.03,480.75,297.23,200.72,91.0,11.55411329
0,7.44,2.48,0.71,0.13,84,51.0,98.0,1,1,2,1,1,0,365.83,177.38,3108.03,421.63,58.0,11.78094462
0,5.63713184,4.071404097,0.5362653315,0.1740289266,258,34.95411032,57.89940835,1,1,2,0,1,0,387.72,259.61,2926.68,408.94,83.07207509,12.39722587
0,6.39,3.21,0.61,0.27,363,90.0,78.0,1,1,2,1,0,0,1975.07,415.23,4004.57,246.63,75.0,11.74625508
4,5.94,4.09,0.55,0.34,206,95.0,73.0,2,0,1,1,0,2,2865.39,191.72,2906.42,194.69,44.0,11.32374512
2,6.25,4.12,0.56,0.18,155,94.0,24.0,2,0,0,1,0,0,363.25,161.1,1400.0,200.0,55.0,12.10806626
0,6.04,3.97,0.69,0.29,414,39.0,66.0,1,1,0,0,1,0,3123.19,226.18,3147.96,466.79,61.0,11.99578242
0,6.87,3.35,0.59,0.3,508,59.0,59.0,0,1,1,2,1,0,4332.25,220.93,1623.48,284.73,76.0,12.30002911
0,6.7,3.12,0.73,0.3,1,39.0,40.0,2,0,0,0,0,0,2016.6,417.93,1559.79,221.11,80.0,12.1628886
0,5.09,2.8,0.68,0.15,230,64.0,37.0,1,0,0,0,0,0,326.43,163.21,3028.9,755.84,43.0,11.32688227
0,7.17,3.62,0.71,0.16,110,69.0,60.0,0,0,0,2,0,2,403.29,171.22,1596.1,315.44,33.0,12.15886244
0,5.09,3.09,0.73,0.33,1,99.0,48.0,0,0,1,1,1,1,397.69,160.02,4010.89,767.06,42.0,11.15985624
0,7.289169122,2.833702804,0.6548522058,0.3233987441,290,58.05277743,79.30866472,1,1,0,2,1,1,3015.77,759.21,4434.23,442.63,78.17374636,11.80917072
0,7.278117847,2.42173359,0.763147865,0.3591391167,351,79.65769157,46.97732777,2,1,0,1,1,0,2970.74,312.58,403.78,753.84,46.14655892,11.10490137
3,6.01,3.44,0.77,0.24,365,46.0,80.0,0,1,0,2,0,2,421.51,188.29,2900.51,194.35,40.0,11.73433259
1,7.07,3.85,0.61,0.32,279,32.0,55.0,1,0,2,0,0,1,188.14,181.53,1003.85,774.62,95.0,11.44581712
0,6.7,3.12,0.73,0.3,135,39.0,40.0,2,0,0,0,0,0,2016.6,417.93,1559.79,221.11,80.0,12.20201621
5,7.05,2.13,0.64,0.29,156,98.0,67.0,0,0,1,1,0,1,2766.35,194.56,2864.11,197.4,82.0,11.55781884
0,6.42,2.66,0.55,0.21,229,34.0,48.0,2,1,1,2,1,0,2654.51,164.83,1400.13,767.97,92.0,11.1623174
4,6.82,3.14,0.74,0.26,120,82.0,36.0,2,0,0,2,0,0,1672.79,167.53,2955.58,200.16,72.0,11.51348937
0,7.05,2.12,0.74,0.33,558,75.0,35.0,2,0,0,2,1,0,3138.2,228.91,1217.09,746.95,32.0,12.25219469
0,7.12,3.59,0.53,0.11,431,38.0,79.0,0,0,2,1,0,1,3754.34,789.02,176.55,363.53,76.0,11.15689104
0,6.46,3.1,0.7,0.31,284,65.0,70.0,2,1,1,1,0,2,3766.18,776.64,707.5,747.35,83.0,11.42799875
0,6.38,3.71,0.51,0.3,309,99.0,36.0,1,1,0,0,0,0,4347.14,534.45,352.97,220.62,72.0,12.0021403
0,7.27,3.92,0.51,0.36,502,75.0,93.0,2,1,1,0,0,2,3400.55,234.86,1633.8,357.55,52.0,12.35844417
0,7.44,2.48,0.71,0.13,1,51.0,98.0,1,1,2,1,1,0,318.71,157.47,3108.03,421.63,58.0,11.75629253
0,5.48,2.63,0.65,0.17,536,38.0,65.0,0,0,2,0,1,2,3572.83,278.65,1329.62,782.03,37.0,11.31748321
5,7.04,3.54,0.54,0.23,151,42.0,83.0,1,1,1,2,0,1,2701.71,193.4,2832.2,200.38,94.0,11.12907862
3,5.17,4.01,0.52,0.36,323,34.0,21.0,0,0,1,2,0,2,618.66,195.11,2909.61,200.41,40.0,12.07361005
0,5.48,2.63,0.65,0.17,357,23.0,65.0,0,0,2,0,1,2,1404.45,167.09,1329.62,782.03,37.0,11.263237
0,6.55,3.49,0.51,0.38,468,77.0,95.0,1,0,2,1,1,0,3077.84,434.87,3537.83,710.51,45.0,12.17365942
0,6.383008959,2.791040788,0.5950513745,0.1921263898,527,86.45275517,63.24693766,0,0,1,2,1,1,1889.35,340.61,631.28,692.81,75.49361497,11.53808951
0,5.27,3.48,0.77,0.2,475,47.0,42.0,1,1,0,0,1,2,2044.89,611.18,4048.1,687.35,45.0,11.29913046
0,6.94,2.46,0.64,0.2,628,45.0,83.0,2,1,1,0,0,1,2775.41,236.2,2190.72,647.18,76.0,11.23035416
5,5.18,3.3,0.77,0.21,143,64.0,79.0,1,1,2,2,0,0,2956.94,197.36,2886.28,195.34,83.0,11.84330907
0,5.91,3.66,0.72,0.16,123,81.0,83.0,2,0,0,1,1,0,267.3,157.62,4377.75,457.08,79.0,11.7628985
5,6.21,3.36,0.62,0.2,112,51.0,64.0,2,1,0,2,0,0,2903.14,195.52,2857.59,200.51,78.0,11.54176812
0,5.21,4.08,0.71,0.34,564,38.0,39.0,1,1,0,2,1,0,2574.21,202.37,3436.33,223.66,93.0,11.70058615
0,5.09,3.09,0.73,0.33,316,99.0,48.0,0,0,1,1,1,1,3899.4,774.18,4010.89,767.06,42.0,11.25363673
0,6.34,3.28,0.75,0.26,340,83.0,94.0,2,1,1,0,0,0,3035.95,476.62,3222.69,767.67,72.0,11.89449703
2,5.05,3.94,0.65,0.34,183,64.0,53.0,2,1,0,2,1,0,795.97,198.31,2563.44,189.78,91.0,11.52654641
1,6.42,3.7,0.53,0.38,195,83.0,32.0,2,1,1,2,1,0,110.69,488.87,519.32,262.95,83.0,11.19922654
0,7.232661496,4.296768802,0.6617945471,0.2424360334,504,61.32758451,46.87884502,0,1,0,1,0,1,128.43,521.68,158.09,205.08,98.81005942,12.08804791
0,7.01,4.45,0.66,0.36,330,76.0,75.0,2,1,2,2,1,1,801.43,728.17,364.2,741.87,35.0,11.71599643
0,6.67,2.9,0.73,0.14,404,54.0,43.0,0,1,2,0,0,1,179.28,621.78,2626.14,228.42,39.0,11.09931291
0,5.05,3.72,0.58,0.31,215,83.0,85.0,0,0,0,1,1,1,359.71,164.64,2434.94,304.36,60.0,12.26623357
0,6.42,2.66,0.55,0.21,229,34.0,48.0,2,1,1,2,1,0,2654.51,164.83,1400.13,767.97,92.0,11.16231468
0,5.050932218,3.723170934,0.5752299182,0.3069568213,324,83.91250724,85.23437512,0,0,0,1,1,1,2233.51,464.92,2434.94,304.36,60.54580437,12.29931422
0,7.42,2.81,0.72,0.16,232,78.0,76.0,1,0,2,2,1,2,314.92,157.46,2292.61,482.03,42.0,11.31400422
0,7.23,4.3,0.66,0.24,503,61.0,46.0,0,1,0,1,0,1,128.43,521.68,158.09,205.08,98.0,12.08801127
0,5.17,4.01,0.52,0.36,484,34.0,35.0,0,0,1,2,0,2,2243.24,545.97,2157.96,672.09,40.0,12.12244509
0,6.67,2.59,0.76,0.18,434,58.0,76.0,0,0,2,1,1,1,1913.61,326.97,825.52,691.49,69.0,11.44520403
0,7.01,4.45,0.66,0.36,330,76.0,75.0,2,1,2,2,1,1,801.43,728.17,364.2,741.87,35.0,11.71597905
0,7.3,4.14,0.74,0.19,290,87.0,82.0,1,0,2,2,1,0,139.62,401.64,1959.25,253.99,50.0,11.47096181
0,6.38,3.71,0.51,0.3,206,99.0,36.0,1,1,0,0,0,0,354.5,158.21,352.97,220.62,72.0,11.97091231
0,7.12,3.59,0.53,0.11,287,38.0,79.0,0,0,2,1,0,1,2247.97,177.36,176.55,363.53,76.0,11.11290272
0,5.09,3.09,0.73,0.33,106,99.0,48.0,0,0,1,1,1,1,397.69,160.02,4010.89,767.06,42.0,11.19033435
0,5.82,3.94,0.54,0.31,363,77.0,78.0,1,0,0,2,0,0,311.58,155.65,2436.27,221.71,99.0,12.22940599
4,5.05,2.23,0.61,0.13,1,33.0,78.0,0,1,1,1,0,2,4561.95,81.82,2896.08,198.18,72.0,11.47055917
0,7.23,4.3,0.66,0.24,503,61.0,46.0,0,1,0,1,0,1,128.43,521.68,158.09,205.08,98.0,12.08801127
5,5.17,4.01,0.52,0.36,1,34.0,21.0,0,0,1,2,0,2,2957.69,197.54,2909.61,200.41,40.0,11.98034441
3,7.05,2.13,0.64,0.29,311,98.0,67.0,0,0,1,1,0,1,398.58,160.42,2814.54,198.06,82.0,11.60339367
0,6.02,3.84,0.54,0.18,545,32.0,59.0,1,0,0,1,1,1,1810.22,215.79,77.26,630.9,56.0,11.57265976
0,5.408650677,4.189987323,0.6193887536,0.2627350979,541,38.11980667,79.84105482,1,1,2,2,1,2,3115.69,584.43,138.53,411.75,39.37003079,11.22286933
0,5.82,3.94,0.54,0.31,181,77.0,78.0,1,0,0,2,0,0,311.52,155.76,2436.27,221.71,99.0,12.17626041
0,7.28,2.42,0.76,0.36,233,79.0,46.0,2,1,0,1,1,0,2970.74,312.58,403.78,753.84,46.0,11.09023899
0,7.23,4.03,0.67,0.2,169,49.0,30.0,0,0,0,0,0,2,3009.75,615.6,947.86,795.78,85.0,11.53521621
0,5.863122627,3.315215707,0.6071944865,0.1569537931,436,54.92866521,38.55332702,1,0,2,1,1,0,3599.64,770.47,4445.72,743.68,72.61275786,12.10548653
1,5.9,3.15,0.65,0.23,270,96.0,18.0,2,0,1,2,1,2,519.91,196.0,1142.11,759.64,95.0,12.32228789
0,5.86,3.32,0.61,0.16,435,54.0,38.0,1,0,2,1,1,0,3599.64,770.47,4445.72,743.68,72.0,12.105456
0,5.48,4.39,0.61,0.26,169,89.0,54.0,0,1,0,0,0,0,331.56,160.89,2208.45,330.22,71.0,11.35341101
1,6.66,3.14,0.69,0.31,269,36.0,93.0,1,1,0,2,1,2,761.49,187.5,1500.49,362.55,49.0,11.26011115
0,5.54,3.88,0.66,0.11,210,72.0,54.0,1,0,2,1,1,0,272.51,136.17,2652.23,681.42,92.0,11.3906929
0,5.89,3.2,0.5,0.18,599,65.0,68.0,0,0,0,1,1,1,3059.04,338.15,2547.95,572.69,70.0,11.17753847
0,6.23,3.65,0.64,0.17,219,38.0,98.0,0,0,0,0,1,2,206.72,194.35,1495.42,387.52,33.0,12.10530374
2,6.12,4.05,0.67,0.23,156,47.0,47.0,1,0,1,1,1,2,693.8,191.03,1726.65,194.84,51.0,11.13342642
2,5.54,3.88,0.66,0.11,105,72.0,54.0,1,0,2,1,1,0,393.6,171.93,2783.49,202.53,92.0,11.35922791
0,5.318901744,2.643982491,0.6058907811,0.3594927216,691,56.63762947,99.24970389,2,0,1,1,0,0,1466.4,709.97,2587.67,305.43,43.64962802,11.74914463
0,6.66,3.14,0.69,0.31,269,36.0,93.0,1,1,0,2,1,2,3027.28,185.91,1500.49,362.55,49.0,11.26011433
0,6.802262789,2.670404311,0.6749417856,0.2352035651,546,54.33300343,89.1811551,1,1,0,1,1,1,4374.08,403.67,1396.45,718.65,80.00560914,11.47636067
0,5.48,4.39,0.61,0.26,339,89.0,54.0,0,1,0,0,0,0,331.56,160.89,2208.45,330.22,71.0,11.4036895
0,7.27,3.92,0.51,0.36,502,75.0,93.0,2,1,1,0,0,2,3400.55,234.86,1633.8,357.55,52.0,12.35844417
0,7.07,3.85,0.61,0.32,419,32.0,55.0,1,0,2,0,0,1,897.86,674.11,1003.85,774.62,95.0,11.48857856
0,6.7,3.12,0.73,0.3,269,39.0,40.0,2,0,0,0,0,0,2016.6,417.93,1559.79,221.11,80.0,12.24112931
0,7.17,3.62,0.71,0.16,332,69.0,60.0,0,0,0,2,0,2,2299.52,471.19,1596.1,315.44,33.0,12.22577255
2,6.46,3.1,0.7,0.31,94,65.0,70.0,2,1,1,1,0,2,367.35,171.6,1637.01,178.96,83.0,11.37072888
0,7.44,2.18,0.53,0.19,121,65.0,82.0,2,0,2,2,1,0,2250.17,407.14,2381.88,335.87,68.0,12.23142426
3,6.46,3.1,0.7,0.31,94,65.0,70.0,2,1,1,1,0,2,405.68,174.33,2896.86,198.41,83.0,11.37072267
3,5.94,4.09,0.55,0.34,411,95.0,73.0,2,0,1,1,0,2,416.85,169.32,2906.42,194.69,44.0,11.3832099
0,6.25,2.45,0.64,0.17,119,91.0,31.0,1,1,1,1,1,1,310.72,131.25,618.66,271.69,45.0,12.15940477
3,5.43,2.85,0.5,0.33,85,31.0,75.0,0,0,0,2,0,2,309.0,186.38,2877.66,195.43,46.0,11.43021933
5,6.87,3.35,0.59,0.3,1,59.0,59.0,0,1,1,2,1,0,2711.96,188.14,2876.2,198.24,76.0,12.15095425
0,5.44,2.15,0.74,0.24,1,96.0,52.0,2,1,1,0,1,2,394.74,767.75,1983.4,299.33,68.0,11.75541047
0,7.12,3.68,0.6,0.23,192,37.0,85.0,0,0,0,0,0,2,2974.93,410.44,3634.84,277.1,61.0,12.24726915
1,5.86,3.32,0.61,0.16,145,54.0,38.0,1,0,2,1,1,0,659.56,191.21,3070.74,533.09,72.0,12.01883739
0,5.18,3.3,0.77,0.21,427,64.0,79.0,1,1,2,2,0,0,1867.55,234.08,2356.35,560.55,83.0,11.92814216
0,7.44,2.18,0.53,0.19,1,65.0,82.0,2,0,2,2,1,0,2250.17,407.14,2381.88,335.87,68.0,12.1969005
0,7.44,2.48,0.71,0.13,1,51.0,98.0,1,1,2,1,1,0,317.52,158.49,3108.03,421.63,58.0,11.75628741
1,5.59,2.6,0.56,0.26,125,59.0,92.0,2,1,1,2,0,1,402.49,174.57,2432.66,613.06,85.0,12.3013867
0,6.02,3.84,0.54,0.18,181,32.0,59.0,1,0,0,1,1,1,347.86,173.84,77.26,630.9,56.0,11.464643
0,6.94,2.46,0.64,0.2,419,45.0,83.0,2,1,1,0,0,1,2775.41,236.2,2190.72,647.18,76.0,11.16707318
0,6.42,2.66,0.55,0.21,343,34.0,48.0,2,1,1,2,1,0,3992.77,789.41,1400.13,767.97,92.0,11.19720196
0,5.64,4.07,0.54,0.17,257,34.0,57.0,1,1,2,0,1,0,387.72,259.61,2926.68,408.94,83.0,12.39720755
0,5.41,3.39,0.67,0.11,274,32.0,30.0,2,1,1,0,1,0,1549.93,226.38,3014.82,769.25,60.0,11.26935267
0,7.301887126,4.135586002,0.7388950729,0.1874173394,291,87.44208866,82.17308581,1,0,2,2,1,0,139.62,401.64,1959.25,253.99,50.90695934,11.47098319
0,7.01,4.45,0.66,0.36,495,76.0,75.0,2,1,2,2,1,1,801.43,728.17,364.2,741.87,35.0,11.76602082
0,7.05,2.12,0.74,0.33,558,75.0,35.0,2,0,0,2,1,0,3138.2,228.91,1217.09,746.95,32.0,12.25219469
0,6.7,3.12,0.73,0.3,269,39.0,40.0,2,0,0,0,0,0,2016.6,417.93,1559.79,221.11,80.0,12.24112668
0,5.09,2.8,0.68,0.15,692,64.0,37.0,1,0,0,0,0,0,3018.71,490.02,3028.9,755.84,43.0,11.46313892
0,6.09,2.93,0.69,0.2,661,72.0,35.0,1,1,1,1,1,1,3648.55,292.68,2405.18,406.77,34.0,12.2023861
2,6.25,4.12,0.56,0.18,155,94.0,41.0,2,0,0,1,0,0,363.25,161.1,2837.83,199.4,55.0,12.10804148
0,6.390427215,3.210549562,0.611399173,0.2677713098,364,90.13604546,78.78876294,1,1,2,1,0,0,1975.07,415.23,4004.57,246.63,75.74198069,11.74627951
0,5.71,4.34,0.66,0.26,196,48.0,67.0,2,0,0,2,1,2,813.97,185.77,3635.85,690.65,42.0,12.34028161
0,7.234325502,4.031727664,0.6700039135,0.1975238329,506,49.55002966,30.49945038,0,0,0,0,0,2,3009.75,615.6,947.86,795.78,85.15392073,11.63556798
0,6.66,3.14,0.69,0.31,404,36.0,93.0,1,1,0,2,1,2,3694.11,789.08,1500.49,362.55,49.0,11.30104751
5,6.23,3.85,0.55,0.21,171,25.0,96.0,2,1,0,2,1,1,2924.32,196.38,2828.56,193.77,67.0,11.87519281
0,6.38,2.79,0.6,0.19,526,86.0,63.0,0,0,1,2,1,1,1889.35,340.61,631.28,692.81,75.0,11.53805287
0,7.04,3.54,0.54,0.23,451,42.0,83.0,1,1,1,2,0,1,526.6,250.38,305.31,750.11,94.0,11.21870049
0,6.0,2.49,0.69,0.29,588,39.0,36.0,0,0,1,0,0,2,3689.38,746.45,1523.76,782.97,66.0,11.21015176
0,6.25,4.12,0.56,0.18,465,94.0,41.0,2,0,0,1,0,0,1803.78,378.72,2999.74,645.48,55.0,12.20063445
0,5.91,3.66,0.72,0.16,123,81.0,83.0,2,0,0,1,1,0,267.3,157.62,4377.75,457.08,79.0,11.76288775
2,5.64,4.07,0.54,0.17,171,34.0,57.0,1,1,2,0,1,0,387.72,259.61,2095.46,212.76,83.0,12.37086394
0,7.44,2.18,0.53,0.19,1,65.0,82.0,2,0,2,2,1,0,2250.17,407.14,2381.88,335.87,68.0,12.19691202
0,6.12,4.05,0.67,0.23,466,47.0,47.0,1,0,1,1,1,2,2679.6,262.09,3458.65,749.55,51.0,11.22602074
4,5.43,2.85,0.5,0.33,1,31.0,75.0,0,0,0,2,0,2,1320.74,433.92,2877.66,195.43,46.0,11.40497128
1,6.82,3.14,0.74,0.26,240,82.0,21.0,2,0,0,2,0,0,626.46,192.2,1547.69,219.42,72.0,11.54909074
0,5.91,4.21,0.71,0.13,440,38.0,97.0,0,0,2,1,1,1,2701.9,163.62,1449.88,242.42,60.0,11.12844566
1,6.66,3.14,0.69,0.31,134,36.0,93.0,1,1,0,2,1,2,579.94,193.98,1310.66,190.93,49.0,11.2203973
0,7.006962322,4.448633209,0.6618493277,0.3565808487,496,76.1208014,75.17410024,2,1,2,2,1,1,801.43,728.17,364.2,741.87,35.49806476,11.76605746
0,5.21,4.08,0.71,0.34,564,38.0,39.0,1,1,0,2,1,0,2574.21,202.37,3436.33,223.66,93.0,11.70058615
5,7.04,3.54,0.54,0.23,1,42.0,83.0,1,1,1,2,0,1,2916.74,195.14,2915.39,194.48,94.0,11.08599529
4,5.26,3.23,0.66,0.38,138,34.0,95.0,2,1,0,0,1,1,1161.81,171.92,2851.42,193.68,50.0,12.2400855
0,5.09,3.09,0.73,0.33,106,99.0,48.0,0,0,1,1,1,1,397.69,160.02,4010.89,767.06,42.0,11.1903523
0,5.27,3.48,0.77,0.2,317,47.0,42.0,1,1,0,0,1,2,374.45,179.26,4048.1,687.35,45.0,11.25151536
0,7.28,2.42,0.76,0.36,350,79.0,46.0,2,1,0,1,1,0,2970.74,312.58,403.78,753.84,46.0,11.10487694
0,6.26,2.38,0.77,0.39,470,72.0,59.0,0,1,2,2,0,0,1732.13,371.8,322.29,266.87,92.0,12.27882619
5,7.27,3.92,0.51,0.36,1,45.0,93.0,2,1,1,0,0,2,2762.19,194.35,2889.94,193.49,52.0,12.21115737
0,6.63,2.32,0.64,0.35,603,56.0,73.0,1,0,1,1,1,0,104.91,208.84,2206.47,300.61,84.0,11.25777779
3,5.17,4.01,0.52,0.36,323,34.0,21.0,0,0,1,2,0,2,618.66,195.11,2895.71,200.36,40.0,12.0736205
0,6.09,2.93,0.69,0.2,221,72.0,35.0,1,1,1,1,1,1,300.48,150.21,2405.18,406.77,34.0,12.07258916
0,7.07,3.85,0.61,0.32,419,32.0,55.0,1,0,2,0,0,1,897.86,674.11,1003.85,774.62,95.0,11.48857856
0,7.29,3.03,0.75,0.36,488,64.0,74.0,2,0,1,1,0,1,210.64,762.82,1730.07,368.56,52.0,12.26656823
4,5.83,4.26,0.51,0.33,424,61.0,49.0,2,1,0,0,1,1,351.19,383.53,2931.67,196.75,36.0,11.54519821
0,5.89,3.2,0.5,0.18,599,65.0,68.0,0,0,0,1,1,1,3059.04,338.15,2547.95,572.69,70.0,11.17753847
5,6.21,3.36,0.62,0.2,1,51.0,64.0,2,1,0,2,0,0,2903.14,195.52,2857.59,200.51,78.0,11.50953528
0,6.25,4.12,0.56,0.18,465,94.0,41.0,2,0,0,1,0,0,1803.78,378.72,2999.74,645.48,55.0,12.20063445
0,6.13,4.36,0.74,0.24,498,36.0,56.0,0,1,1,0,1,1,4261.88,758.2,3785.3,270.22,89.0,11.16926877
1,5.86,3.32,0.61,0.16,145,54.0,38.0,1,0,2,1,1,0,527.93,195.84,3419.8,756.67,72.0,12.01883034
5,6.87,3.35,0.59,0.3,170,59.0,59.0,0,1,1,2,1,0,2770.91,190.56,2876.2,198.24,76.0,12.19912448
2,6.02,3.84,0.54,0.18,363,32.0,59.0,1,0,0,1,1,1,934.2,182.37,2621.05,191.71,56.0,11.51780791
0,7.16504967,3.623278396,0.7093333926,0.1604059625,333,69.43379188,60.29201027,0,0,0,2,0,2,2299.52,471.19,1596.1,315.44,33.54747828,12.22579698
0,6.81,2.96,0.6,0.22,1,35.0,73.0,0,1,0,1,0,0,2823.94,340.35,190.55,268.99,36.0,11.87538803
0,6.81,2.96,0.6,0.22,395,35.0,73.0,0,1,0,1,0,0,2823.94,340.35,190.55,268.99,36.0,11.98790654
5,5.97,3.44,0.76,0.14,462,74.0,63.0,2,0,1,1,1,2,2713.85,193.87,2911.47,195.6,79.0,11.94017076
3,6.12,4.05,0.67,0.23,1,47.0,28.0,1,0,1,1,1,2,785.76,188.18,2890.4,199.96,51.0,11.10349187
0,5.59,4.24,0.51,0.32,336,75.0,87.0,0,0,2,0,1,1,1972.4,260.47,1597.98,306.47,53.0,11.40078403
0,7.29,2.83,0.65,0.32,289,58.0,79.0,1,1,0,2,1,1,3015.77,759.21,4434.23,442.63,78.0,11.80914934
0,6.67,2.9,0.73,0.14,606,54.0,43.0,0,1,2,0,0,1,179.28,621.78,2626.14,228.42,39.0,11.16019251
0,7.29,3.03,0.75,0.36,162,64.0,74.0,2,0,1,1,0,1,210.64,762.82,1730.07,368.56,52.0,12.16923361
3,5.83,4.26,0.51,0.33,424,61.0,49.0,2,1,0,0,1,1,405.49,176.62,2931.67,196.75,36.0,11.54520141
0,7.272723223,3.917644968,0.5117350012,0.3638522981,503,75.77817529,93.48933413,2,1,1,0,0,2,3400.55,234.86,1633.8,357.55,52.18210931,12.35848081
0,6.87,3.35,0.59,0.3,508,59.0,59.0,0,1,1,2,1,0,4332.25,220.93,1623.48,284.73,76.0,12.30002911
1,6.25,4.12,0.56,0.18,310,94.0,24.0,2,0,0,1,0,0,363.25,161.1,2891.72,235.12,55.0,12.15363125
5,6.23,3.85,0.55,0.21,171,42.0,96.0,2,1,0,2,1,1,2924.05,196.39,2828.56,193.77,67.0,11.87518638
0,6.38,2.79,0.6,0.19,526,86.0,63.0,0,0,1,2,1,1,1889.35,340.61,631.28,692.81,75.0,11.53805287
0,5.86,3.32,0.61,0.16,290,54.0,38.0,1,0,2,1,1,0,1671.4,165.13,4445.72,743.68,72.0,12.06146909
0,6.38,2.79,0.6,0.19,176,86.0,63.0,0,0,1,2,1,1,1889.35,340.61,631.28,692.81,75.0,11.43420428
0,5.91,3.66,0.72,0.16,246,81.0,83.0,2,0,0,1,1,0,267.3,157.62,4377.75,457.08,79.0,11.79968971
5,6.87,3.35,0.59,0.3,170,59.0,59.0,0,1,1,2,1,0,2711.96,188.14,2876.2,198.24,76.0,12.19913118
0,6.42,2.15,0.71,0.12,433,51.0,83.0,0,0,0,2,1,1,1976.28,407.9,2528.11,229.78,59.0,12.14154882
0,6.8,2.67,0.67,0.24,545,54.0,89.0,1,1,0,1,1,1,4374.08,403.67,1396.45,718.65,80.0,11.47632097
0,6.09,2.93,0.69,0.2,661,72.0,35.0,1,1,1,1,1,1,3648.55,292.68,2405.18,406.77,34.0,12.2023861
5,7.05,2.13,0.64,0.29,1,98.0,67.0,0,0,1,1,0,1,2804.38,195.12,2814.54,198.06,82.0,11.51358669
0,6.21,3.36,0.62,0.2,334,51.0,64.0,2,1,0,2,0,0,1451.39,625.46,1632.24,272.26,78.0,11.60867361
0,7.29,3.03,0.75,0.36,325,64.0,74.0,2,0,1,1,0,1,210.64,762.82,1730.07,368.56,52.0,12.21715198
1,5.9,3.15,0.65,0.23,135,96.0,30.0,2,0,1,2,1,2,537.9,195.31,1371.8,217.54,95.0,12.28256139
0,5.943471505,4.093672556,0.5509605533,0.3385083947,617,95.18748724,73.18213043,2,0,1,1,0,2,1225.98,208.77,1403.17,341.99,44.61729112,11.44536108
0,7.44,2.18,0.53,0.19,241,65.0,82.0,2,0,2,2,1,0,2250.17,407.14,2381.88,335.87,68.0,12.26700896
0,7.12,3.59,0.53,0.11,287,38.0,79.0,0,0,2,1,0,1,2149.73,176.05,176.55,363.53,76.0,11.11290891
0,7.039130113,3.536631534,0.5361759098,0.2271712353,452,42.32432314,83.9568718,1,1,1,2,0,1,526.6,250.38,305.31,750.11,94.59875266,11.21873408
4,5.94,4.09,0.55,0.34,206,95.0,73.0,2,0,1,1,0,2,2903.19,193.58,2906.42,194.69,44.0,11.32373248
0,7.01,2.83,0.62,0.11,219,37.0,52.0,2,0,0,0,1,1,2877.59,168.07,70.28,534.16,70.0,11.52576348
0,5.437786196,2.152160487,0.7388661164,0.2432223567,398,96.01467048,52.1837222,2,1,1,0,1,2,394.74,767.75,1983.4,299.33,68.7539071,11.87287095
0,6.46,3.1,0.7,0.31,189,65.0,70.0,2,1,1,1,0,2,1010.91,179.21,707.5,747.35,83.0,11.3992106
0,7.28,2.42,0.76,0.36,350,79.0,46.0,2,1,0,1,1,0,2970.74,312.58,403.78,753.84,46.0,11.10487694
0,7.05,2.12,0.74,0.33,186,75.0,35.0,2,0,0,2,1,0,3138.2,228.91,1217.09,746.95,32.0,12.14182164
0,6.42,2.15,0.71,0.12,289,51.0,83.0,0,0,0,2,1,1,1976.28,407.9,2528.11,229.78,59.0,12.09755946
3,5.18,3.3,0.77,0.21,143,64.0,79.0,1,1,2,2,0,0,489.61,175.89,2886.28,195.34,83.0,11.8433051
3,6.01,3.44,0.77,0.24,365,46.0,80.0,0,1,0,2,0,2,421.51,188.29,2868.0,193.51,40.0,11.73433027
0,5.05,3.72,0.58,0.31,323,83.0,85.0,0,0,0,1,1,1,2233.51,464.92,2434.94,304.36,60.0,12.29929284
0,5.71,4.34,0.66,0.26,196,28.0,67.0,2,0,0,2,1,2,813.97,186.0,3635.85,690.65,42.0,12.34027502
0,5.44,2.15,0.74,0.24,397,96.0,52.0,2,1,1,0,1,2,394.74,767.75,1983.4,299.33,68.0,11.87284347
0,5.89,3.2,0.5,0.18,399,65.0,68.0,0,0,0,1,1,1,3059.04,338.15,2547.95,572.69,70.0,11.11726489
0,5.54,3.88,0.66,0.11,315,72.0,54.0,1,0,2,1,1,0,833.55,205.47,2652.23,681.42,92.0,11.4225277
3,6.42,2.66,0.55,0.21,115,20.0,48.0,2,1,1,2,1,0,400.0,200.0,2882.69,209.97,92.0,11.12850168
0,6.25,2.45,0.64,0.17,355,91.0,31.0,1,1,1,1,1,1,751.28,209.26,618.66,271.69,45.0,12.23048952
0,6.42,2.66,0.55,0.21,343,34.0,48.0,2,1,1,2,1,0,3992.77,789.41,1400.13,767.97,92.0,11.19720196
0,5.43,2.85,0.5,0.33,169,18.0,75.0,0,0,0,2,0,2,148.0,743.6,1777.71,414.59,46.0,11.45510884
0,5.27,3.48,0.77,0.2,475,47.0,42.0,1,1,0,0,1,2,2044.89,611.18,4048.1,687.35,45.0,11.29913046
0,6.81,2.96,0.6,0.22,395,35.0,73.0,0,1,0,1,0,0,2823.94,340.35,190.55,268.99,36.0,11.98789731
0,6.04,3.97,0.69,0.29,276,39.0,66.0,1,1,0,0,1,0,1149.51,176.37,3147.96,466.79,61.0,11.95360579
5,5.83,4.26,0.51,0.33,212,61.0,49.0,2,1,0,0,1,1,3005.24,281.77,2931.67,196.75,36.0,11.48400739
0,5.05,3.72,0.58,0.31,323,83.0,85.0,0,0,0,1,1,1,2233.51,464.92,2434.94,304.36,60.0,12.29929284
1,7.07,3.85,0.61,0.32,279,32.0,55.0,1,0,2,0,0,1,352.49,184.13,1003.85,774.62,95.0,11.44581376
0,6.94,2.46,0.64,0.2,210,45.0,83.0,2,1,1,0,0,1,2775.41,236.2,2190.72,647.18,76.0,11.10645673
0,5.15,4.13,0.79,0.11,331,51.0,52.0,0,0,0,1,1,1,367.53,177.39,2229.06,294.91,54.0,12.2684248
0,5.97,3.44,0.76,0.14,693,74.0,63.0,2,0,1,1,1,2,2435.56,591.61,1462.01,536.68,79.0,12.00947781
0,7.05,2.12,0.74,0.33,186,75.0,35.0,2,0,0,2,1,0,3138.2,228.91,1217.09,746.95,32.0,12.14183008
0,7.05,2.13,0.64,0.29,466,98.0,67.0,0,0,1,1,0,1,3922.46,260.71,1380.68,415.8,82.0,11.65040445
3,6.01,3.44,0.77,0.24,365,46.0,80.0,0,1,0,2,0,2,421.51,188.29,2868.0,193.51,40.0,11.73434709
0,7.05,2.12,0.74,0.33,372,75.0,35.0,2,0,0,2,1,0,3138.2,228.91,1217.09,746.95,32.0,12.19613388
5,7.23,4.3,0.66,0.24,167,61.0,46.0,0,1,0,1,0,1,5485.22,133.51,2882.08,197.64,98.0,11.98770016
0,6.38,2.79,0.6,0.19,176,86.0,63.0,0,0,1,2,1,1,1889.35,340.61,631.28,692.81,75.0,11.43420088
0,7.00781474,2.827169072,0.6197504569,0.110899464,329,37.66176195,52.59869204,2,0,0,0,1,1,4178.6,693.29,70.28,534.16,70.99928002,11.5588442
5,5.97,3.44,0.76,0.14,231,74.0,63.0,2,0,1,1,1,2,2727.85,194.08,2914.33,199.42,79.0,11.87325701
0,6.09,2.93,0.69,0.2,221,72.0,35.0,1,1,1,1,1,1,311.69,155.84,2405.18,406.77,34.0,12.07260295
1,5.26,3.23,0.66,0.38,276,57.0,95.0,2,1,0,0,1,1,595.02,193.39,1708.7,241.22,50.0,12.28037109
0,6.25,2.45,0.64,0.17,1,91.0,31.0,1,1,1,1,1,1,310.72,131.25,618.66,271.69,45.0,12.12544735
0,6.25,2.45,0.64,0.17,119,91.0,31.0,1,1,1,1,1,1,310.72,131.25,618.66,271.69,45.0,12.15939537
0,5.54,3.88,0.66,0.11,315,72.0,54.0,1,0,2,1,1,0,833.55,205.47,2652.23,681.42,92.0,11.4225277
0,5.05,3.72,0.58,0.31,107,83.0,85.0,0,0,0,1,1,1,359.71,164.64,2434.94,304.36,60.0,12.23419655
0,5.26,3.23,0.66,0.38,414,57.0,95.0,2,1,0,0,1,1,3522.42,761.63,2418.01,668.18,50.0,12.32254217
0,5.41,4.19,0.62,0.26,360,22.0,79.0,1,1,2,2,1,2,1909.3,165.27,138.53,411.75,39.0,11.16857676
0,5.05,3.72,0.58,0.31,215,83.0,85.0,0,0,0,1,1,1,359.71,164.64,2434.94,304.36,60.0,12.26623598
0,6.46,3.1,0.7,0.31,189,65.0,70.0,2,1,1,1,0,2,1050.07,179.29,707.5,747.35,83.0,11.39920759
0,7.01,4.45,0.66,0.36,165,76.0,75.0,2,1,2,2,1,1,801.43,728.17,364.2,741.87,35.0,11.66748416
3,5.43,3.21,0.56,0.27,201,97.0,65.0,1,0,2,2,1,1,283.37,226.93,2878.52,194.36,47.0,12.05501105
0,7.12,3.68,0.6,0.23,385,37.0,85.0,0,0,0,0,0,2,2974.93,410.44,3634.84,277.1,61.0,12.30329478
0,5.03,2.14,0.74,0.25,642,73.0,56.0,2,1,1,0,1,0,1467.38,280.01,607.4,734.15,66.0,11.93622719
5,5.17,4.01,0.52,0.36,1,34.0,21.0,0,0,1,2,0,2,2957.69,197.54,2895.71,200.36,40.0,11.98035004
0,6.42,2.15,0.71,0.12,289,51.0,83.0,0,0,0,2,1,1,1976.28,407.9,2528.11,229.78,59.0,12.09755888
4,6.42,2.66,0.55,0.21,1,20.0,48.0,2,1,1,2,1,0,2498.07,187.41,2882.69,209.97,92.0,11.09506722
4,7.44,2.48,0.71,0.13,1,30.0,98.0,1,1,2,1,1,0,739.25,188.2,2768.95,203.17,58.0,11.75626084
0,5.91,4.21,0.71,0.13,440,38.0,97.0,0,0,2,1,1,1,2701.9,163.62,1449.88,242.42,60.0,11.12842676
0,5.77,3.9,0.74,0.33,530,35.0,85.0,2,0,1,0,1,1,3121.12,256.79,4294.02,721.07,38.0,11.52002226
5,7.27,3.92,0.51,0.36,168,45.0,93.0,2,1,1,0,0,2,2747.17,193.79,2889.94,193.49,52.0,12.25871126
2,7.44,2.48,0.71,0.13,84,30.0,98.0,1,1,2,1,1,0,448.44,198.69,2493.98,206.95,58.0,11.78092429
4,6.96,2.91,0.59,0.16,1,80.0,78.0,1,1,2,0,0,1,1114.93,151.18,2876.81,194.16,33.0,11.36610405
4,6.63,2.32,0.64,0.35,402,56.0,44.0,1,0,1,1,1,0,772.96,165.67,2840.8,201.48,84.0,11.19690482
0,6.67,2.59,0.76,0.18,434,58.0,76.0,0,0,2,1,1,1,1913.61,326.97,825.52,691.49,69.0,11.44520403
0,5.77,3.9,0.74,0.33,530,35.0,85.0,2,0,1,0,1,1,3121.12,256.79,4294.02,721.07,38.0,11.52002226
2,5.05,3.94,0.65,0.34,183,64.0,53.0,2,1,0,2,1,0,447.18,199.28,2067.41,181.69,91.0,11.52655709
3,5.43,3.21,0.56,0.27,401,97.0,65.0,1,0,2,2,1,1,393.08,160.03,2878.52,194.36,47.0,12.11337733
0,6.09,2.93,0.69,0.2,661,72.0,35.0,1,1,1,1,1,1,3648.55,292.68,2405.18,406.77,34.0,12.2023861
0,6.667804515,2.58517288,0.7617678224,0.1780251035,435,58.55572979,76.23920037,0,0,2,1,1,1,1913.61,326.97,825.52,691.49,69.1437872,11.44523457
0,6.46,3.1,0.7,0.31,189,65.0,70.0,2,1,1,1,0,2,986.05,181.38,707.5,747.35,83.0,11.39921962
4,5.43,2.85,0.5,0.33,1,31.0,75.0,0,0,0,2,0,2,1320.74,433.92,2877.66,195.43,46.0,11.40496677
0,7.01,2.83,0.62,0.11,219,37.0,52.0,2,0,0,0,1,1,2840.64,167.73,70.28,534.16,70.0,11.52576789
5,5.05,3.94,0.65,0.34,1,64.0,53.0,2,1,0,2,1,0,2876.22,194.31,2862.26,197.3,91.0,11.47224932
0,5.44,2.15,0.74,0.24,133,96.0,52.0,2,1,1,0,1,2,394.74,767.75,1983.4,299.33,68.0,11.79336932
5,6.0,2.49,0.69,0.29,196,39.0,36.0,0,0,1,0,0,2,2956.35,197.28,2907.69,205.25,66.0,11.09386374
3,5.94,4.09,0.55,0.34,411,95.0,73.0,2,0,1,1,0,2,381.64,155.02,2906.42,194.69,44.0,11.38323759
3,6.87,3.35,0.59,0.3,339,59.0,59.0,0,1,1,2,1,0,428.01,174.36,2876.2,198.24,76.0,12.2488042
2,5.41,3.39,0.67,0.11,92,32.0,30.0,2,1,1,0,1,0,836.12,210.0,2504.14,199.66,60.0,11.21450668
4,5.64,4.07,0.54,0.17,85,34.0,57.0,1,1,2,0,1,0,500.0,200.0,2870.51,201.68,83.0,12.34537326
0,5.175653568,3.302150545,0.7741291051,0.2077138232,428,64.74944434,79.46015426,1,1,2,2,0,0,1867.55,234.08,2356.35,560.55,83.85787568,11.9281727
0,5.86,3.32,0.61,0.16,435,54.0,38.0,1,0,2,1,1,0,3599.64,770.47,4445.72,743.68,72.0,12.105456
0,7.42,2.81,0.72,0.16,232,78.0,76.0,1,0,2,2,1,2,314.92,157.46,2292.61,482.03,42.0,11.31400705
0,5.41,4.19,0.62,0.26,180,38.0,79.0,1,1,2,2,1,2,358.94,176.6,138.53,411.75,39.0,11.1160083
0,6.26,2.38,0.77,0.39,470,72.0,59.0,0,1,2,2,0,0,1732.13,371.8,322.29,266.87,92.0,12.27882619
0,5.44,2.15,0.74,0.24,265,96.0,52.0,2,1,1,0,1,2,394.74,767.75,1983.4,299.33,68.0,11.83249077
3,6.66,3.14,0.69,0.31,134,36.0,93.0,1,1,0,2,1,2,484.15,186.27,2889.94,193.5,49.0,11.22038642
0,6.42,2.15,0.71,0.12,1,51.0,83.0,0,0,0,2,1,1,1976.28,407.9,2528.11,229.78,59.0,12.01411345
0,7.07,3.85,0.61,0.32,419,32.0,55.0,1,0,2,0,0,1,897.86,674.11,1003.85,774.62,95.0,11.48857856
0,6.94,2.46,0.64,0.2,419,45.0,83.0,2,1,1,0,0,1,2775.41,236.2,2190.72,647.18,76.0,11.16707193
0,5.91,4.21,0.71,0.13,660,38.0,97.0,0,0,2,1,1,1,4329.73,386.37,1449.88,242.42,60.0,11.19472359
0,5.091160614,2.795799314,0.677393571,0.1482054961,693,64.91362022,37.48553482,1,0,0,0,0,0,3018.71,490.02,3028.9,755.84,43.30085563,11.46318778
5,5.17,4.01,0.52,0.36,1,34.0,21.0,0,0,1,2,0,2,2939.18,197.06,2916.71,200.29,40.0,11.98037462
0,7.44,2.48,0.71,0.13,167,51.0,98.0,1,1,2,1,1,0,1153.18,179.67,3108.03,421.63,58.0,11.80522533
0,7.12,3.68,0.6,0.23,192,37.0,85.0,0,0,0,0,0,2,2974.93,410.44,3634.84,277.1,61.0,12.24726628
0,7.47,2.19,0.57,0.25,263,37.0,59.0,0,1,0,2,1,1,1730.56,164.41,3282.57,257.79,36.0,11.46770648
5,5.97,3.44,0.76,0.14,462,74.0,63.0,2,0,1,1,1,2,2594.32,190.47,2839.13,209.03,79.0,11.94019989
3,6.66,3.14,0.69,0.31,134,36.0,93.0,1,1,0,2,1,2,443.39,183.36,2889.94,193.5,49.0,11.22039518
0,7.12,3.59,0.53,0.11,143,38.0,79.0,0,0,2,1,0,1,2033.75,173.97,176.55,363.53,76.0,11.11186607
3,6.25,4.12,0.56,0.18,155,94.0,41.0,2,0,0,1,0,0,366.74,151.02,2948.98,200.0,55.0,12.10805174
0,6.34,3.28,0.75,0.26,170,83.0,94.0,2,1,1,0,0,0,3035.95,476.62,3222.69,767.67,72.0,11.84425212
5,5.18,3.3,0.77,0.21,1,64.0,79.0,1,1,2,2,0,0,2462.68,187.56,2886.28,195.34,83.0,11.80246054
4,5.94,4.09,0.55,0.34,1,95.0,73.0,2,0,1,1,0,2,2865.39,191.72,2906.42,194.69,44.0,11.26618748
0,6.82,3.14,0.74,0.26,360,82.0,36.0,2,0,0,2,0,0,4060.6,216.13,2338.88,323.46,72.0,11.58578257
5,6.01,3.44,0.77,0.24,1,46.0,80.0,0,1,0,2,0,2,2692.3,177.57,2868.0,193.51,40.0,11.62967107
0,6.21,3.36,0.62,0.2,334,51.0,64.0,2,1,0,2,0,0,1451.39,625.46,1632.24,272.26,78.0,11.60867361
0,6.02,3.84,0.54,0.18,545,32.0,59.0,1,0,0,1,1,1,1810.22,215.79,77.26,630.9,56.0,11.57265976
1,7.07,3.85,0.61,0.32,139,32.0,55.0,1,0,2,0,0,1,351.05,183.39,1003.85,774.62,95.0,11.40493944
0,7.17,3.62,0.71,0.16,332,69.0,60.0,0,0,0,2,0,2,2299.52,471.19,1596.1,315.44,33.0,12.22577255
0,7.29,2.83,0.65,0.32,97,58.0,79.0,1,1,0,2,1,1,336.84,164.7,4434.23,442.63,78.0,11.75126607
0,5.44,2.15,0.74,0.24,397,96.0,52.0,2,1,1,0,1,2,394.74,767.75,1983.4,299.33,68.0,11.87284347
2,7.23,4.3,0.66,0.24,167,61.0,46.0,0,1,0,1,0,1,104.08,278.9,1676.47,169.83,98.0,11.98768747
0,6.42,2.66,0.55,0.21,229,34.0,48.0,2,1,1,2,1,0,2654.51,164.83,1400.13,767.97,92.0,11.16231655
0,7.12,3.68,0.6,0.23,385,37.0,85.0,0,0,0,0,0,2,2974.93,410.44,3634.84,277.1,61.0,12.30329733
1,6.42,3.7,0.53,0.38,389,83.0,32.0,2,1,1,2,1,0,110.69,488.87,519.32,262.95,83.0,11.13776221
0,5.82,3.94,0.54,0.31,545,77.0,78.0,1,0,0,2,0,0,1808.47,343.5,2436.27,221.71,99.0,12.28424881
3,5.77,3.9,0.74,0.33,353,35.0,51.0,2,0,1,0,1,1,611.19,195.22,2910.19,194.33,38.0,11.46636814
0,5.83,4.26,0.51,0.33,636,61.0,49.0,2,1,0,0,1,1,107.37,392.88,2588.26,228.29,36.0,11.60908687
5,7.04,3.54,0.54,0.23,151,42.0,83.0,1,1,1,2,0,1,2916.74,195.14,2915.39,194.48,94.0,11.12910421
5,5.03,2.14,0.74,0.25,214,43.0,56.0,2,1,1,0,1,0,2830.16,196.56,2851.44,198.07,66.0,11.80999021
5,5.05,3.94,0.65,0.34,1,64.0,53.0,2,1,0,2,1,0,2935.61,195.72,2850.06,197.14,91.0,11.47226229
0,6.25,2.45,0.64,0.17,1,91.0,31.0,1,1,1,1,1,1,310.72,131.25,618.66,271.69,45.0,12.12544273
3,6.42,2.66,0.55,0.21,115,20.0,48.0,2,1,1,2,1,0,676.97,190.41,2882.69,209.97,92.0,11.12849979
0,6.09,2.93,0.69,0.2,221,72.0,35.0,1,1,1,1,1,1,300.46,150.23,2405.18,406.77,34.0,12.0726099
0,6.23,3.65,0.64,0.17,109,38.0,98.0,0,0,0,0,1,2,362.71,182.8,1495.42,387.52,33.0,12.07268788
0,6.01,3.44,0.77,0.24,547,46.0,80.0,0,1,0,2,0,2,102.2,276.88,100.8,207.37,40.0,11.78919332
4,6.26,2.38,0.77,0.39,156,72.0,59.0,0,1,2,2,0,0,2111.92,181.54,2909.87,195.39,92.0,12.18507066
5,5.03,2.14,0.74,0.25,428,43.0,56.0,2,1,1,0,1,0,2787.17,195.69,2861.44,198.2,66.0,11.87174274
0,6.42,2.15,0.71,0.12,1,51.0,83.0,0,0,0,2,1,1,1976.28,407.9,2528.11,229.78,59.0,12.0141163
5,5.77,3.9,0.74,0.33,176,35.0,51.0,2,0,1,0,1,1,2535.23,188.73,2910.19,194.33,38.0,11.41496523
0,5.09,3.09,0.73,0.33,1,99.0,48.0,0,0,1,1,1,1,397.69,160.02,4010.89,767.06,42.0,11.15984039
0,6.38,2.79,0.6,0.19,1,86.0,63.0,0,0,1,2,1,1,1889.35,340.61,631.28,692.81,75.0,11.38437982
0,7.17,3.62,0.71,0.16,221,69.0,60.0,0,0,0,2,0,2,345.53,169.44,1596.1,315.44,33.0,12.19210441
3,6.23,3.85,0.55,0.21,342,25.0,96.0,2,1,0,2,1,1,477.24,184.1,2828.56,193.77,67.0,11.9254385
0,5.427365649,2.850706957,0.5002540687,0.3282139779,254,31.48369018,75.15306424,0,0,0,2,0,2,211.87,723.35,1777.71,414.59,46.80554723,11.48087689
0,5.170040987,4.012036784,0.5168140553,0.3573246047,485,34.35253625,35.50722341,0,0,1,2,0,2,2243.24,545.97,2157.96,672.09,40.65939956,12.12247868
0,6.34,3.28,0.75,0.26,170,83.0,94.0,2,1,1,0,0,0,3035.95,476.62,3222.69,767.67,72.0,11.84424435
1,6.04,3.97,0.69,0.29,276,23.0,66.0,1,1,0,0,1,0,743.76,188.48,2350.38,207.19,61.0,11.95364206
0,6.21,3.36,0.62,0.2,334,51.0,64.0,2,1,0,2,0,0,1451.39,625.46,1632.24,272.26,78.0,11.60867361
0,6.25,2.45,0.64,0.17,355,91.0,31.0,1,1,1,1,1,1,751.28,209.26,618.66,271.69,45.0,12.23048952
0,5.48,2.63,0.65,0.17,357,38.0,65.0,0,0,2,0,1,2,1360.47,168.56,1329.62,782.03,37.0,11.26323948
4,5.27,3.72,0.59,0.39,293,82.0,50.0,0,1,1,0,0,1,1107.67,175.16,2852.19,201.21,86.0,12.01203747
1,6.42,3.7,0.53,0.38,195,83.0,32.0,2,1,1,2,1,0,110.69,488.87,519.32,262.95,83.0,11.19888945
3,5.82,3.94,0.54,0.31,363,77.0,78.0,1,0,0,2,0,0,413.7,167.94,2794.45,200.54,99.0,12.22938206
4,5.43,2.85,0.5,0.33,1,31.0,75.0,0,0,0,2,0,2,1253.73,400.55,2877.66,195.43,46.0,11.40496291
0,7.44,2.48,0.71,0.13,84,51.0,98.0,1,1,2,1,1,0,363.85,179.88,3108.03,421.63,58.0,11.7809397
0,6.67,2.9,0.73,0.14,202,54.0,43.0,0,1,2,0,0,1,179.28,621.78,2626.14,228.42,39.0,11.15873703
0,5.91,4.21,0.71,0.13,440,38.0,97.0,0,0,2,1,1,1,2739.9,163.62,1449.88,242.42,60.0,11.12842655
0,5.48,4.39,0.61,0.26,509,89.0,54.0,0,1,0,0,0,0,1880.7,368.9,2208.45,330.22,71.0,11.45492629
0,7.17,3.62,0.71,0.16,110,69.0,60.0,0,0,0,2,0,2,403.29,171.22,1596.1,315.44,33.0,12.15886786
0,6.96,2.91,0.59,0.16,571,80.0,78.0,1,1,2,0,0,1,4231.44,255.66,1354.43,361.91,33.0,11.53255844
0,5.27,3.48,0.77,0.2,1,47.0,42.0,1,1,0,0,1,2,329.08,164.54,4048.1,687.35,45.0,11.15940359
2,6.46,3.1,0.7,0.31,94,65.0,70.0,2,1,1,1,0,2,401.35,199.96,1831.94,174.66,83.0,11.3707394
5,5.18,3.3,0.77,0.21,1,64.0,79.0,1,1,2,2,0,0,2956.94,197.36,2886.28,195.34,83.0,11.80248048
0,5.26,3.23,0.66,0.38,414,57.0,95.0,2,1,0,0,1,1,3522.42,761.63,2418.01,668.18,50.0,12.32254217
0,6.7,3.12,0.73,0.3,1,39.0,40.0,2,0,0,0,0,0,2016.6,417.93,1559.79,221.11,80.0,12.16288082
4,5.26,3.23,0.66,0.38,138,57.0,95.0,2,1,0,0,1,1,1242.55,168.56,2851.42,193.68,50.0,12.24008656
0,6.016624827,3.837582725,0.5395411648,0.1769685441,546,32.45835257,59.07753823,1,0,0,1,1,1,1810.22,215.79,77.26,630.9,56.99183487,11.57269946
0,5.085724973,3.094297591,0.7261149756,0.332698219,317,99.9358946,48.06482126,0,0,1,1,1,1,3899.4,774.18,4010.89,767.06,42.69068341,11.25365811
0,5.82,3.94,0.54,0.31,545,77.0,78.0,1,0,0,2,0,0,1808.47,343.5,2436.27,221.71,99.0,12.28424881
5,6.0,2.49,0.69,0.29,196,39.0,36.0,0,0,1,0,0,2,2933.4,196.73,2937.64,203.55,66.0,11.09389068
0,5.65,3.24,0.71,0.27,298,86.0,80.0,0,0,1,1,0,0,2244.03,465.03,4200.11,792.34,85.0,11.69090956
0,6.338665593,3.276051149,0.7482240049,0.2577989937,511,83.39490016,94.08240515,2,1,1,0,0,0,3035.95,476.62,3222.69,767.67,72.75541654,11.94577046
0,7.28,2.42,0.76,0.36,233,79.0,46.0,2,1,0,1,1,0,2970.74,312.58,403.78,753.84,46.0,11.09027788
0,7.29,3.03,0.75,0.36,325,64.0,74.0,2,0,1,1,0,1,210.64,762.82,1730.07,368.56,52.0,12.21712945
1,6.12,4.05,0.67,0.23,311,47.0,47.0,1,0,1,1,1,2,785.76,188.18,2076.39,195.5,51.0,11.17900699
4,6.82,3.14,0.74,0.26,120,82.0,21.0,2,0,0,2,0,0,1100.11,174.04,2892.44,200.54,72.0,11.51347202
0,6.7,3.12,0.73,0.3,1,39.0,40.0,2,0,0,0,0,0,2016.6,417.93,1559.79,221.11,80.0,12.16288898
0,6.250639808,4.11907621,0.5564023618,0.182358181,466,94.85228871,41.52335388,2,0,0,1,0,0,1803.78,378.72,2999.74,645.48,55.23603397,12.20066804
1,5.26,3.23,0.66,0.38,276,34.0,95.0,2,1,0,0,1,1,663.18,191.04,1802.86,253.79,50.0,12.28037506
0,7.42,2.81,0.72,0.16,232,78.0,76.0,1,0,2,2,1,2,314.92,157.46,2292.61,482.03,42.0,11.31399812
0,7.23,4.03,0.67,0.2,505,49.0,30.0,0,0,0,0,0,2,3009.75,615.6,947.86,795.78,85.0,11.63553134
1,6.42,3.7,0.53,0.38,389,83.0,32.0,2,1,1,2,1,0,110.69,488.87,519.32,262.95,83.0,11.13679604
0,5.59,4.24,0.51,0.32,112,75.0,87.0,0,0,2,0,1,1,339.56,166.71,1597.98,306.47,53.0,11.33327319
0,7.01,2.83,0.62,0.11,328,37.0,52.0,2,0,0,0,1,1,4178.6,693.29,70.28,534.16,70.0,11.55881977
3,7.3,4.14,0.74,0.19,96,87.0,82.0,1,0,2,2,1,0,382.82,157.96,2864.51,194.29,50.0,11.41248001
0,6.55,3.49,0.51,0.38,156,77.0,95.0,1,0,2,1,1,0,299.39,149.62,3537.83,710.51,45.0,12.0804672
0,7.29,2.83,0.65,0.32,97,58.0,79.0,1,1,0,2,1,1,345.57,151.68,4434.23,442.63,78.0,11.7512735
0,7.44,2.18,0.53,0.19,241,65.0,82.0,2,0,2,2,1,0,2250.17,407.14,2381.88,335.87,68.0,12.26700875
0,5.64,4.07,0.54,0.17,257,34.0,57.0,1,1,2,0,1,0,387.72,259.61,2926.68,408.94,83.0,12.39720755
0,6.25,2.45,0.64,0.17,237,91.0,31.0,1,1,1,1,1,1,310.72,131.25,618.66,271.69,45.0,12.19438684
0,6.34,3.28,0.75,0.26,510,83.0,94.0,2,1,1,0,0,0,3035.95,476.62,3222.69,767.67,72.0,11.94573382
5,5.05,2.23,0.61,0.13,1,33.0,78.0,0,1,1,1,0,2,2586.4,157.56,2896.08,198.18,72.0,11.46998659
0,7.44,2.48,0.71,0.13,167,51.0,98.0,1,1,2,1,1,0,365.17,177.35,3108.03,421.63,58.0,11.80522617
0,7.29,3.03,0.75,0.36,488,64.0,74.0,2,0,1,1,0,1,210.64,762.82,1730.07,368.56,52.0,12.26656823
0,6.08532006,2.931816945,0.6881047906,0.1958712697,662,72.34518424,35.69012464,1,1,1,1,1,1,3648.55,292.68,2405.18,406.77,34.04278774,12.20243495
0,5.966250071,3.44278557,0.7604346004,0.1422321318,694,74.34808175,63.71325921,2,0,1,1,1,2,2435.56,591.61,1462.01,536.68,79.18843632,12.00952667
3,5.18,3.3,0.77,0.21,1,64.0,79.0,1,1,2,2,0,0,489.61,175.89,2886.28,195.34,83.0,11.80245882
0,7.474646443,2.185449915,0.5745216286,0.246769788,396,63.10435456,59.08544908,0,1,0,2,1,1,3537.6,727.65,3282.57,257.79,36.27957971,11.50808178
3,6.42,2.66,0.55,0.21,115,20.0,48.0,2,1,1,2,1,0,400.0,200.0,2882.69,209.97,92.0,11.12850757
0,6.55,3.49,0.51,0.38,156,77.0,95.0,1,0,2,1,1,0,266.1,133.03,3537.83,710.51,45.0,12.08047081
0,6.46,3.1,0.7,0.31,284,65.0,70.0,2,1,1,1,0,2,3766.18,776.64,707.5,747.35,83.0,11.42799875
2,5.41,3.39,0.67,0.11,92,32.0,30.0,2,1,1,0,1,0,817.12,209.57,2504.14,199.66,60.0,11.21449778
1,5.59,2.6,0.56,0.26,125,59.0,92.0,2,1,1,2,0,1,355.63,173.8,2432.66,613.06,85.0,12.30137698
3,5.09,2.8,0.68,0.15,230,64.0,37.0,1,0,0,0,0,0,422.56,172.27,2921.78,199.89,43.0,11.32692614
0,5.65,3.24,0.71,0.27,199,86.0,80.0,0,0,1,1,0,0,377.77,164.14,4200.11,792.34,85.0,11.66089196
1,6.12,4.05,0.67,0.23,311,47.0,47.0,1,0,1,1,1,2,693.8,191.03,3411.67,750.93,51.0,11.17900699
1,5.94,4.09,0.55,0.34,1,95.0,73.0,2,0,1,1,0,2,378.77,163.12,1329.85,255.25,44.0,11.26621843
0,5.15,4.13,0.79,0.11,497,51.0,52.0,0,0,0,1,1,1,4368.95,701.34,2229.06,294.91,54.0,12.31845513
3,5.43,3.21,0.56,0.27,1,97.0,65.0,1,0,2,2,1,1,386.67,164.94,2878.52,194.36,47.0,11.99915234
1,5.94,4.09,0.55,0.34,411,95.0,73.0,2,0,1,1,0,2,378.77,163.12,1329.85,255.25,44.0,11.38324365
0,5.43,2.85,0.5,0.33,253,31.0,75.0,0,0,0,2,0,2,211.87,723.35,1777.71,414.59,46.0,11.48085857
0,5.91,3.66,0.72,0.16,369,81.0,83.0,2,0,0,1,1,0,852.89,736.36,4377.75,457.08,79.0,11.83699728
0,6.63,2.32,0.64,0.35,603,56.0,73.0,1,0,1,1,1,0,104.91,208.84,2206.47,300.61,84.0,11.25777779
0,6.81,2.96,0.6,0.22,395,35.0,73.0,0,1,0,1,0,0,2823.94,340.35,190.55,268.99,36.0,11.98789835
0,7.292803328,3.026528009,0.754000348,0.3633734076,489,64.80094066,74.82017189,2,0,1,1,0,1,210.64,762.82,1730.07,368.56,52.36459215,12.26660182
0,5.9,3.15,0.65,0.23,405,96.0,30.0,2,0,1,2,1,2,4435.4,584.89,110.12,754.44,95.0,12.36323709
0,7.23,4.03,0.67,0.2,505,49.0,30.0,0,0,0,0,0,2,3009.75,615.6,947.86,795.78,85.0,11.63553134
0,6.13,4.36,0.74,0.24,498,36.0,56.0,0,1,1,0,1,1,4261.88,758.2,3785.3,270.22,89.0,11.16926877
0,6.09,2.93,0.69,0.2,1,72.0,35.0,1,1,1,1,1,1,300.46,150.23,2405.18,406.77,34.0,12.01123414
0,6.55,3.49,0.51,0.38,312,77.0,95.0,1,0,2,1,1,0,309.89,136.34,3537.83,710.51,45.0,12.12664269
0,7.417621812,2.808788351,0.7234641105,0.164393013,695,78.74245869,76.22627427,1,0,2,2,1,2,2011.81,315.73,2292.61,482.03,42.2241352,11.45025736
0,7.05,2.12,0.74,0.33,558,75.0,35.0,2,0,0,2,1,0,3138.2,228.91,1217.09,746.95,32.0,12.25219469
0,5.18,3.3,0.77,0.21,427,64.0,79.0,1,1,2,2,0,0,1867.55,234.08,2356.35,560.55,83.0,11.92814216
0,7.12,3.59,0.53,0.11,431,38.0,79.0,0,0,2,1,0,1,3754.34,789.02,176.55,363.53,76.0,11.15689104
5,6.01,3.44,0.77,0.24,183,46.0,80.0,0,1,0,2,0,2,2674.31,178.26,2900.51,194.35,40.0,11.68119515
0,7.12,3.68,0.6,0.23,578,37.0,85.0,0,0,0,0,0,2,2974.93,410.44,3634.84,277.1,61.0,12.36176512
0,6.94,2.46,0.64,0.2,1,45.0,83.0,2,1,1,0,0,1,2775.41,236.2,2190.72,647.18,76.0,11.13018774
0,5.09,3.09,0.73,0.33,106,99.0,48.0,0,0,1,1,1,1,397.69,160.02,4010.89,767.06,42.0,11.19036078
0,7.12,3.68,0.6,0.23,578,37.0,85.0,0,0,0,0,0,2,2974.93,410.44,3634.84,277.1,61.0,12.36176512
0,5.83,4.26,0.51,0.33,636,61.0,49.0,2,1,0,0,1,1,107.37,392.88,2588.26,228.29,36.0,11.60908687
4,5.26,3.23,0.66,0.38,138,57.0,95.0,2,1,0,0,1,1,1173.0,171.24,2851.42,193.68,50.0,12.24009332
0,7.12,3.68,0.6,0.23,578,37.0,85.0,0,0,0,0,0,2,2974.93,410.44,3634.84,277.1,61.0,12.36176512
0,5.44,2.15,0.74,0.24,1,96.0,52.0,2,1,1,0,1,2,394.74,767.75,1983.4,299.33,68.0,11.75539159
0,7.44,2.18,0.53,0.19,121,65.0,82.0,2,0,2,2,1,0,2250.17,407.14,2381.88,335.87,68.0,12.23142321
0,6.67,2.59,0.76,0.18,434,58.0,76.0,0,0,2,1,1,1,1913.61,326.97,825.52,691.49,69.0,11.44520403
0,6.42,3.7,0.53,0.38,583,83.0,32.0,2,1,1,2,1,0,110.69,488.87,519.32,262.95,83.0,11.10892004
0,6.81,2.96,0.6,0.22,198,35.0,73.0,0,1,0,1,0,0,2823.94,340.35,190.55,268.99,36.0,11.93073562
0,5.89,3.2,0.5,0.18,199,65.0,68.0,0,0,0,1,1,1,3059.04,338.15,2547.95,572.69,70.0,11.11418245
0,7.12,3.68,0.6,0.23,385,37.0,85.0,0,0,0,0,0,2,2974.93,410.44,3634.84,277.1,61.0,12.30328685
4,6.23,3.85,0.55,0.21,342,42.0,96.0,2,1,0,2,1,1,967.71,180.93,2828.56,193.77,67.0,11.92543312
4,7.3,4.14,0.74,0.19,96,87.0,82.0,1,0,2,2,1,0,1420.81,162.94,2864.51,194.29,50.0,11.41248231
1,6.25,4.12,0.56,0.18,310,94.0,24.0,2,0,0,1,0,0,363.25,161.1,3018.72,499.71,55.0,12.15363419
0,5.05,3.94,0.65,0.34,274,64.0,53.0,2,1,0,2,1,0,1531.03,480.75,297.23,200.72,91.0,11.55411329
0,5.832726095,4.257832155,0.5077860441,0.3331455174,637,61.75562985,49.01134372,2,1,0,0,1,1,107.37,392.88,2588.26,228.29,36.3116123,11.60913267
0,7.42,2.81,0.72,0.16,694,78.0,76.0,1,0,2,2,1,2,2011.81,315.73,2292.61,482.03,42.0,11.45020851
3,5.17,4.01,0.52,0.36,323,34.0,21.0,0,0,1,2,0,2,606.24,195.21,2916.71,200.29,40.0,12.07361613
0,7.28,2.42,0.76,0.36,350,79.0,46.0,2,1,0,1,1,0,2970.74,312.58,403.78,753.84,46.0,11.10487694
0,5.77,3.9,0.74,0.33,530,35.0,85.0,2,0,1,0,1,1,3121.12,256.79,4294.02,721.07,38.0,11.52002226
4,7.01,2.83,0.62,0.11,1,22.0,52.0,2,0,0,0,1,1,1491.47,163.31,2936.78,196.3,70.0,11.46146728
5,6.01,3.44,0.77,0.24,183,46.0,80.0,0,1,0,2,0,2,2692.3,177.57,2868.0,193.51,40.0,11.68118876
0,5.27,3.72,0.59,0.39,440,82.0,50.0,0,1,1,0,0,1,2744.96,374.82,2688.23,307.8,86.0,12.0566229
0,6.25,2.45,0.64,0.17,1,91.0,31.0,1,1,1,1,1,1,310.72,131.25,618.66,271.69,45.0,12.12545599
0,5.41,4.19,0.62,0.26,180,38.0,79.0,1,1,2,2,1,2,373.78,183.02,138.53,411.75,39.0,11.11602763
0,6.13,4.36,0.74,0.24,498,36.0,56.0,0,1,1,0,1,1,4261.88,758.2,3785.3,270.22,89.0,11.16926877
0,6.94,2.46,0.64,0.2,419,45.0,83.0,2,1,1,0,0,1,2775.41,236.2,2190.72,647.18,76.0,11.16707625
3,5.82,3.94,0.54,0.31,181,77.0,78.0,1,0,0,2,0,0,413.7,167.94,2794.45,200.54,99.0,12.17623208
5,7.05,2.13,0.64,0.29,1,98.0,67.0,0,0,1,1,0,1,2766.35,194.56,2864.11,197.4,82.0,11.51361026
0,6.38,3.71,0.51,0.3,103,99.0,36.0,1,1,0,0,0,0,258.25,128.81,352.97,220.62,72.0,11.94007501
5,6.87,3.35,0.59,0.3,170,59.0,59.0,0,1,1,2,1,0,2700.97,187.68,2876.2,198.24,76.0,12.19910432
0,6.66,3.14,0.69,0.31,404,36.0,93.0,1,1,0,2,1,2,3694.11,789.08,1500.49,362.55,49.0,11.30104751
1,5.9,3.15,0.65,0.23,270,96.0,18.0,2,0,1,2,1,2,615.86,192.81,1142.11,759.64,95.0,12.32227142
0,5.09,2.8,0.68,0.15,692,64.0,37.0,1,0,0,0,0,0,3018.71,490.02,3028.9,755.84,43.0,11.46313892
0,6.67,2.59,0.76,0.18,144,58.0,76.0,0,0,2,1,1,1,1913.61,326.97,825.52,691.49,69.0,11.35856617
0,5.54,3.88,0.66,0.11,315,72.0,54.0,1,0,2,1,1,0,833.55,205.47,2652.23,681.42,92.0,11.4225277
0,6.39,3.21,0.61,0.27,242,90.0,78.0,1,1,2,1,0,0,246.95,120.77,4004.57,246.63,75.0,11.70956403
0,6.94,2.46,0.64,0.2,1,45.0,83.0,2,1,1,0,0,1,2775.41,236.2,2190.72,647.18,76.0,11.13009093
0,7.07,3.85,0.61,0.32,279,32.0,55.0,1,0,2,0,0,1,353.96,179.72,1003.85,774.62,95.0,11.44580982
1,5.9,3.15,0.65,0.23,135,96.0,30.0,2,0,1,2,1,2,615.86,192.81,1371.8,217.54,95.0,12.28255262
0,6.25,2.45,0.64,0.17,355,91.0,31.0,1,1,1,1,1,1,751.28,209.26,618.66,271.69,45.0,12.23048952
1,5.94,4.09,0.55,0.34,206,95.0,73.0,2,0,1,1,0,2,378.77,163.12,1329.85,255.25,44.0,11.32375454
0,6.81,2.96,0.6,0.22,1,35.0,73.0,0,1,0,1,0,0,2823.94,340.35,190.55,268.99,36.0,11.87538842
0,7.05,2.12,0.74,0.33,186,75.0,35.0,2,0,0,2,1,0,3138.2,228.91,1217.09,746.95,32.0,12.14184336
0,6.55,3.49,0.51,0.38,468,77.0,95.0,1,0,2,1,1,0,3077.84,434.87,3537.83,710.51,45.0,12.17365942
0,5.09,3.09,0.73,0.33,316,99.0,48.0,0,0,1,1,1,1,3899.4,774.18,4010.89,767.06,42.0,11.25363673
0,7.29,2.83,0.65,0.32,1,58.0,79.0,1,1,0,2,1,1,335.34,167.56,4434.23,442.63,78.0,11.72310558
0,7.29,2.83,0.65,0.32,1,58.0,79.0,1,1,0,2,1,1,335.34,167.56,4434.23,442.63,78.0,11.72311379
2,7.23,4.3,0.66,0.24,335,61.0,46.0,0,1,0,1,0,1,104.08,278.9,1676.47,169.83,98.0,12.03736869
3,5.71,4.34,0.66,0.26,98,28.0,67.0,2,0,0,2,1,2,465.57,182.0,2932.81,195.54,42.0,12.31120974
0,5.27,3.72,0.59,0.39,440,82.0,50.0,0,1,1,0,0,1,2744.96,374.82,2688.23,307.8,86.0,12.0566229
0,5.91,4.21,0.71,0.13,660,38.0,97.0,0,0,2,1,1,1,4329.73,386.37,1449.88,242.42,60.0,11.19472359
0,6.81,2.96,0.6,0.22,592,35.0,73.0,0,1,0,1,0,0,2823.94,340.35,190.55,268.99,36.0,12.04757798
0,5.09,2.8,0.68,0.15,692,64.0,37.0,1,0,0,0,0,0,3018.71,490.02,3028.9,755.84,43.0,11.46313892
1,5.05,2.23,0.61,0.13,177,33.0,78.0,0,1,1,1,0,2,58.26,254.49,1727.25,213.81,72.0,11.52248231
0,6.7,3.12,0.73,0.3,135,39.0,40.0,2,0,0,0,0,0,2016.6,417.93,1559.79,221.11,80.0,12.20201329
0,7.29,2.83,0.65,0.32,193,58.0,79.0,1,1,0,2,1,1,973.5,181.13,4434.23,442.63,78.0,11.77975685
0,6.13,4.36,0.74,0.24,166,36.0,56.0,0,1,1,0,1,1,402.89,183.86,3785.3,270.22,89.0,11.09413492
0,6.81,2.96,0.6,0.22,592,35.0,73.0,0,1,0,1,0,0,2823.94,340.35,190.55,268.99,36.0,12.04757798
5,5.17,4.01,0.52,0.36,162,34.0,21.0,0,0,1,2,0,2,2957.69,197.54,2909.61,200.41,40.0,12.02626005
5,6.21,3.36,0.62,0.2,1,51.0,64.0,2,1,0,2,0,0,2763.0,194.76,2857.59,200.51,78.0,11.50953078
0,5.82,3.94,0.54,0.31,363,77.0,78.0,1,0,0,2,0,0,393.38,167.95,2436.27,221.71,99.0,12.2293918
0,5.21,4.08,0.71,0.34,564,38.0,39.0,1,1,0,2,1,0,2574.21,202.37,3436.33,223.66,93.0,11.70058615
0,5.146978859,4.132282655,0.7896940854,0.1139795556,498,51.31194686,52.73491371,0,0,0,1,1,1,4368.95,701.34,2229.06,294.91,54.45453006,12.31849178
0,5.48,4.39,0.61,0.26,339,89.0,54.0,0,1,0,0,0,0,331.56,160.89,2208.45,330.22,71.0,11.40369547
0,5.09,2.8,0.68,0.15,461,64.0,37.0,1,0,0,0,0,0,285.87,142.91,3028.9,755.84,43.0,11.39385073
0,5.892338788,3.196927353,0.5032578348,0.181812906,600,65.98066294,68.73918331,0,0,0,1,1,1,3059.04,338.15,2547.95,572.69,70.65316336,11.17758122
3,7.47,2.19,0.57,0.25,131,63.0,59.0,0,1,0,2,1,1,428.36,173.65,2920.11,196.01,36.0,11.4291731
0,7.28,2.42,0.76,0.36,116,79.0,46.0,2,1,0,1,1,0,2970.74,312.58,403.78,753.84,46.0,11.12666509
0,5.17,4.01,0.52,0.36,484,34.0,35.0,0,0,1,2,0,2,2243.24,545.97,2157.96,672.09,40.0,12.12244509
3,5.43,3.21,0.56,0.27,401,97.0,65.0,1,0,2,2,1,1,386.67,164.94,2878.52,194.36,47.0,12.11336319
0,7.44,2.48,0.71,0.13,250,51.0,98.0,1,1,2,1,1,0,3052.09,573.87,3108.03,421.63,58.0,11.8309645
0,7.23,4.03,0.67,0.2,1,49.0,30.0,0,0,0,0,0,2,3009.75,615.6,947.86,795.78,85.0,11.48764389
0,7.42,2.81,0.72,0.16,463,78.0,76.0,1,0,2,2,1,2,315.15,157.0,2292.61,482.03,42.0,11.38091224
0,6.42,2.15,0.71,0.12,289,51.0,83.0,0,0,0,2,1,1,1976.28,407.9,2528.11,229.78,59.0,12.09756576
0,6.67,2.9,0.73,0.14,202,54.0,43.0,0,1,2,0,0,1,179.28,621.78,2626.14,228.42,39.0,11.1587862
5,6.01,3.44,0.77,0.24,183,46.0,80.0,0,1,0,2,0,2,2692.3,177.57,2868.0,193.51,40.0,11.68120354
0,6.67,2.9,0.73,0.14,404,54.0,43.0,0,1,2,0,0,1,179.28,621.78,2626.14,228.42,39.0,11.09930454
0,6.25,4.12,0.56,0.18,465,94.0,41.0,2,0,0,1,0,0,1803.78,378.72,2999.74,645.48,55.0,12.20063445
0,7.44,2.48,0.71,0.13,250,51.0,98.0,1,1,2,1,1,0,3052.09,573.87,3108.03,421.63,58.0,11.8309645
0,7.42,2.81,0.72,0.16,694,78.0,76.0,1,0,2,2,1,2,2011.81,315.73,2292.61,482.03,42.0,11.45020851
3,5.21,4.08,0.71,0.34,188,22.0,39.0,1,1,0,2,1,0,593.41,194.87,2983.08,199.98,93.0,11.58904548
0,6.42,2.15,0.71,0.12,1,51.0,83.0,0,0,0,2,1,1,1976.28,407.9,2528.11,229.78,59.0,12.01412199
0,7.3,4.14,0.74,0.19,290,87.0,82.0,1,0,2,2,1,0,139.62,401.64,1959.25,253.99,50.0,11.47096181
0,6.23,3.65,0.64,0.17,109,38.0,98.0,0,0,0,0,1,2,362.71,182.8,1495.42,387.52,33.0,12.07265469
0,5.05,3.72,0.58,0.31,107,83.0,85.0,0,0,0,1,1,1,359.71,164.64,2434.94,304.36,60.0,12.23420016
0,5.32,2.64,0.61,0.36,230,56.0,99.0,2,0,1,1,0,0,324.43,173.64,2587.67,305.43,43.0,11.61344645
3,5.43,2.85,0.5,0.33,85,31.0,75.0,0,0,0,2,0,2,278.08,184.17,2877.66,195.43,46.0,11.43021602
0,7.29,2.83,0.65,0.32,97,58.0,79.0,1,1,0,2,1,1,345.57,151.68,4434.23,442.63,78.0,11.75127865
4,5.97,3.44,0.76,0.14,462,74.0,63.0,2,0,1,1,1,2,2062.0,179.59,2914.33,199.42,79.0,11.94018692
4,6.26,2.38,0.77,0.39,156,72.0,59.0,0,1,2,2,0,0,2197.92,183.41,2849.52,197.29,92.0,12.18504202
0,7.44,2.18,0.53,0.19,361,65.0,82.0,2,0,2,2,1,0,2250.17,407.14,2381.88,335.87,68.0,12.30372892
0,6.38,3.71,0.51,0.3,309,99.0,36.0,1,1,0,0,0,0,4347.14,534.45,352.97,220.62,72.0,12.0021403
0,6.23,3.65,0.64,0.17,329,38.0,98.0,0,0,0,0,1,2,1427.61,714.67,1495.42,387.52,33.0,12.138974
0,7.01,2.83,0.62,0.11,328,37.0,52.0,2,0,0,0,1,1,4178.6,693.29,70.28,534.16,70.0,11.55881977
0,5.05,3.94,0.65,0.34,274,64.0,53.0,2,1,0,2,1,0,1531.03,480.75,297.23,200.72,91.0,11.55411329
0,6.0,2.49,0.69,0.29,588,39.0,36.0,0,0,1,0,0,2,3689.38,746.45,1523.76,782.97,66.0,11.21015176
0,5.54,3.88,0.66,0.11,105,72.0,54.0,1,0,2,1,1,0,272.48,136.23,2652.23,681.42,92.0,11.35924282
3,6.21,3.36,0.62,0.2,223,51.0,64.0,2,1,0,2,0,0,486.19,181.34,2857.59,200.51,78.0,11.5750044
0,5.91,3.66,0.72,0.16,246,81.0,83.0,2,0,0,1,1,0,267.3,157.62,4377.75,457.08,79.0,11.79969421
3,7.47,2.19,0.57,0.25,131,63.0,59.0,0,1,0,2,1,1,428.36,173.65,2920.11,196.01,36.0,11.42916953
5,6.87,3.35,0.59,0.3,1,59.0,59.0,0,1,1,2,1,0,2770.91,190.56,2876.2,198.24,76.0,12.15097308
5,5.03,2.14,0.74,0.25,428,43.0,56.0,2,1,1,0,1,0,2916.38,194.9,2874.44,198.37,66.0,11.87171723
4,5.05,2.23,0.61,0.13,1,33.0,47.0,0,1,1,1,0,2,1916.89,183.23,2790.44,200.64,72.0,11.47056211
0,6.96,2.91,0.59,0.16,381,48.0,78.0,1,1,2,0,0,1,1786.86,164.57,1354.43,361.91,33.0,11.47528921
0,7.29,2.83,0.65,0.32,289,58.0,79.0,1,1,0,2,1,1,3015.77,759.21,4434.23,442.63,78.0,11.80914934
0,5.59,2.6,0.56,0.26,377,59.0,92.0,2,1,1,2,0,1,4161.81,215.39,2432.66,613.06,85.0,12.37726363
1,6.42,3.7,0.53,0.38,195,83.0,32.0,2,1,1,2,1,0,110.69,488.87,519.32,262.95,83.0,11.19888415
0,5.48,2.63,0.65,0.17,536,38.0,65.0,0,0,2,0,1,2,3572.83,278.65,1329.62,782.03,37.0,11.31748321
0,6.39,3.21,0.61,0.27,242,90.0,78.0,1,1,2,1,0,0,326.88,162.15,4004.57,246.63,75.0,11.7095537
0,7.12,3.59,0.53,0.11,431,38.0,79.0,0,0,2,1,0,1,3754.34,789.02,176.55,363.53,76.0,11.15689104
1,6.12,4.05,0.67,0.23,311,47.0,47.0,1,0,1,1,1,2,693.95,190.17,3411.67,750.93,51.0,11.17901294
2,6.0,2.49,0.69,0.29,392,39.0,36.0,0,0,1,0,0,2,692.64,190.08,2221.8,244.28,66.0,11.1510929
3,6.87,3.35,0.59,0.3,339,59.0,59.0,0,1,1,2,1,0,428.01,174.36,2876.2,198.24,76.0,12.24877979
0,7.04,3.54,0.54,0.23,451,42.0,83.0,1,1,1,2,0,1,526.6,250.38,305.31,750.11,94.0,11.21870049
0,6.39,3.21,0.61,0.27,242,90.0,78.0,1,1,2,1,0,0,246.95,120.77,4004.57,246.63,75.0,11.70956329
5,6.42,2.66,0.55,0.21,1,20.0,48.0,2,1,1,2,1,0,2526.07,188.15,2882.69,209.97,92.0,11.09511286
0,6.55,3.49,0.51,0.38,312,77.0,95.0,1,0,2,1,1,0,307.02,136.11,3537.83,710.51,45.0,12.12664269
2,7.3,4.14,0.74,0.19,193,87.0,82.0,1,0,2,2,1,0,289.42,161.29,2864.51,194.29,50.0,11.44156637
0,7.47,2.19,0.57,0.25,395,63.0,59.0,0,1,0,2,1,1,3537.6,727.65,3282.57,257.79,36.0,11.5080543
0,6.94,2.46,0.64,0.2,1,45.0,83.0,2,1,1,0,0,1,2775.41,236.2,2190.72,647.18,76.0,11.13016344
0,6.7,3.12,0.73,0.3,403,39.0,40.0,2,0,0,0,0,0,2016.6,417.93,1559.79,221.11,80.0,12.28209271
0,5.27,3.48,0.77,0.2,317,47.0,42.0,1,1,0,0,1,2,332.06,158.96,4048.1,687.35,45.0,11.25153054
0,5.94,4.09,0.55,0.34,616,95.0,73.0,2,0,1,1,0,2,1225.98,208.77,1403.17,341.99,44.0,11.44531527
0,6.39,3.21,0.61,0.27,363,90.0,78.0,1,1,2,1,0,0,1975.07,415.23,4004.57,246.63,75.0,11.74625508
0,5.18,3.3,0.77,0.21,427,64.0,79.0,1,1,2,2,0,0,1867.55,234.08,2356.35,560.55,83.0,11.92814216
0,5.44,2.15,0.74,0.24,133,96.0,52.0,2,1,1,0,1,2,394.74,767.75,1983.4,299.33,68.0,11.79336932
4,7.01,2.83,0.62,0.11,1,22.0,52.0,2,0,0,0,1,1,1579.49,164.77,2865.33,197.52,70.0,11.46147624
0,6.13,4.36,0.74,0.24,332,36.0,56.0,0,1,1,0,1,1,402.89,183.86,3785.3,270.22,89.0,11.11924964
0,7.01,2.83,0.62,0.11,219,37.0,52.0,2,0,0,0,1,1,2877.59,168.07,70.28,534.16,70.0,11.5257637
0,7.121101146,3.677018538,0.6021785794,0.2266660849,579,37.73744395,85.42809403,0,0,0,0,0,2,2974.93,410.44,3634.84,277.1,61.17793026,12.36180787
3,5.21,4.08,0.71,0.34,188,22.0,39.0,1,1,0,2,1,0,486.05,184.99,2900.07,199.85,93.0,11.58902486
4,6.82,3.14,0.74,0.26,120,82.0,36.0,2,0,0,2,0,0,1100.1,173.71,2913.44,200.43,72.0,11.51347183
2,5.27,3.48,0.77,0.2,159,47.0,42.0,1,1,0,0,1,2,647.35,191.87,2970.5,198.32,45.0,11.20475649
0,6.25,2.45,0.64,0.17,119,91.0,31.0,1,1,1,1,1,1,310.72,131.25,618.66,271.69,45.0,12.15939302
0,7.42,2.81,0.72,0.16,463,78.0,76.0,1,0,2,2,1,2,314.92,157.45,2292.61,482.03,42.0,11.38093956
3,6.63,2.32,0.64,0.35,402,56.0,73.0,1,0,1,1,1,0,394.36,169.53,2869.81,195.09,84.0,11.19688161
0,7.05,2.13,0.64,0.29,466,98.0,67.0,0,0,1,1,0,1,3922.46,260.71,1380.68,415.8,82.0,11.65040445
0,6.42,2.15,0.71,0.12,145,51.0,83.0,0,0,0,2,1,1,1976.28,407.9,2528.11,229.78,59.0,12.05551266
0,7.069995441,3.854203389,0.6070530365,0.317443544,420,32.78901639,55.22303415,1,0,2,0,0,1,897.86,674.11,1003.85,774.62,95.96575554,11.4886091
4,5.41,3.39,0.67,0.11,1,32.0,30.0,2,1,1,0,1,0,1454.66,186.29,2918.14,199.94,60.0,11.1874985
0,7.44,2.18,0.53,0.19,1,65.0,82.0,2,0,2,2,1,0,2250.17,407.14,2381.88,335.87,68.0,12.19690626
3,6.04,3.97,0.69,0.29,138,23.0,66.0,1,1,0,0,1,0,493.4,185.08,2851.4,200.13,61.0,11.91332028
3,5.21,4.08,0.71,0.34,376,22.0,39.0,1,1,0,2,1,0,597.38,193.24,2900.07,199.85,93.0,11.64391232
0,5.09,2.8,0.68,0.15,461,64.0,37.0,1,0,0,0,0,0,326.74,162.59,3028.9,755.84,43.0,11.39382917
2,7.23,4.3,0.66,0.24,335,61.0,46.0,0,1,0,1,0,1,110.16,339.59,2014.25,180.3,98.0,12.03738652
0,5.54,3.88,0.66,0.11,105,72.0,54.0,1,0,2,1,1,0,272.51,136.17,2652.23,681.42,92.0,11.35922609
0,5.94,4.09,0.55,0.34,616,95.0,73.0,2,0,1,1,0,2,1225.98,208.77,1403.17,341.99,44.0,11.44531527
0,5.44,2.15,0.74,0.24,133,96.0,52.0,2,1,1,0,1,2,394.74,767.75,1983.4,299.33,68.0,11.79395431
0,6.34,3.28,0.75,0.26,340,83.0,94.0,2,1,1,0,0,0,3035.95,476.62,3222.69,767.67,72.0,11.89449109
0,5.27,3.48,0.77,0.2,159,47.0,42.0,1,1,0,0,1,2,329.13,164.44,4048.1,687.35,45.0,11.20476036
0,7.47,2.19,0.57,0.25,395,63.0,59.0,0,1,0,2,1,1,3537.6,727.65,3282.57,257.79,36.0,11.5080543
0,6.34,3.28,0.75,0.26,510,83.0,94.0,2,1,1,0,0,0,3035.95,476.62,3222.69,767.67,72.0,11.94573382
0,5.43,3.21,0.56,0.27,601,97.0,65.0,1,0,2,2,1,1,283.37,226.93,561.99,775.95,47.0,12.17363616
1,6.25,4.12,0.56,0.18,310,94.0,24.0,2,0,0,1,0,0,363.25,161.1,2742.97,198.59,55.0,12.15362665
0,5.43,3.21,0.56,0.27,601,97.0,65.0,1,0,2,2,1,1,283.37,226.93,561.99,775.95,47.0,12.17363616
0,5.44,2.15,0.74,0.24,397,96.0,52.0,2,1,1,0,1,2,394.74,767.75,1983.4,299.33,68.0,11.87284347
0,5.09,2.8,0.68,0.15,230,64.0,37.0,1,0,0,0,0,0,285.86,142.93,3028.9,755.84,43.0,11.32693533
0,5.65,3.24,0.71,0.27,1,86.0,80.0,0,0,1,1,0,0,377.77,164.14,4200.11,792.34,85.0,11.60188574
0,5.48,4.39,0.61,0.26,169,89.0,54.0,0,1,0,0,0,0,331.56,160.89,2208.45,330.22,71.0,11.35344167
0,5.99813621,2.493450224,0.6886744358,0.288643474,589,39.45529953,36.05862779,0,0,1,0,0,2,3689.38,746.45,1523.76,782.97,66.77970672,11.21019451
2,6.96,2.91,0.59,0.16,191,80.0,78.0,1,1,2,0,0,1,267.51,129.78,1400.0,200.0,33.0,11.41982842
5,5.03,2.14,0.74,0.25,214,43.0,56.0,2,1,1,0,1,0,2787.17,195.69,2861.44,198.2,66.0,11.80996573
4,5.64,4.07,0.54,0.17,85,34.0,57.0,1,1,2,0,1,0,1241.96,193.82,2881.39,201.67,83.0,12.34535941
0,5.05,2.23,0.61,0.13,265,33.0,78.0,0,1,1,1,0,2,58.26,254.49,1961.04,223.67,72.0,11.54945028
0,7.29,2.83,0.65,0.32,289,58.0,79.0,1,1,0,2,1,1,3015.77,759.21,4434.23,442.63,78.0,11.80914934
5,6.02,3.84,0.54,0.18,181,32.0,59.0,1,0,0,1,1,1,2964.44,197.78,2878.99,197.35,56.0,11.46465434
0,5.44,2.15,0.74,0.24,265,96.0,52.0,2,1,1,0,1,2,394.74,767.75,1983.4,299.33,68.0,11.83249701
2,7.3,4.14,0.74,0.19,193,87.0,82.0,1,0,2,2,1,0,294.08,150.42,2864.51,194.29,50.0,11.44155639
5,5.03,2.14,0.74,0.25,214,43.0,56.0,2,1,1,0,1,0,2916.38,194.9,2874.44,198.37,66.0,11.80994169
0,5.27,3.72,0.59,0.39,440,82.0,50.0,0,1,1,0,0,1,2744.96,374.82,2688.23,307.8,86.0,12.0566229
0,5.05,3.72,0.58,0.31,215,83.0,85.0,0,0,0,1,1,1,359.71,164.64,2434.94,304.36,60.0,12.2662329
3,5.77,3.9,0.74,0.33,353,35.0,85.0,2,0,1,0,1,1,807.06,186.55,2842.21,194.08,38.0,11.46636967
1,5.27,3.48,0.77,0.2,317,47.0,42.0,1,1,0,0,1,2,647.35,191.87,3922.45,696.76,45.0,11.25152727
0,7.23,4.3,0.66,0.24,503,61.0,46.0,0,1,0,1,0,1,128.43,521.68,158.09,205.08,98.0,12.08801127
3,6.21,3.36,0.62,0.2,223,51.0,64.0,2,1,0,2,0,0,435.93,181.46,2857.59,200.51,78.0,11.57500259
5,7.04,3.54,0.54,0.23,151,42.0,83.0,1,1,1,2,0,1,2892.42,197.83,2882.39,194.49,94.0,11.12908058
1,5.41,3.39,0.67,0.11,183,32.0,30.0,2,1,1,0,1,0,830.12,209.87,2671.96,177.88,60.0,11.24178958
5,5.77,3.9,0.74,0.33,176,35.0,51.0,2,0,1,0,1,1,2528.23,188.63,2910.19,194.33,38.0,11.41496035
4,6.63,2.32,0.64,0.35,201,56.0,73.0,1,0,1,1,1,0,2905.61,193.71,2796.19,196.66,84.0,11.13852977
3,7.27,3.92,0.51,0.36,335,45.0,93.0,2,1,1,0,0,2,458.12,171.75,2889.94,193.49,52.0,12.30781725
5,6.87,3.35,0.59,0.3,1,59.0,59.0,0,1,1,2,1,0,2700.97,187.68,2876.2,198.24,76.0,12.15095342
2,7.01,2.83,0.62,0.11,110,22.0,52.0,2,0,0,0,1,1,545.18,195.08,1400.0,200.0,70.0,11.49312885
0,6.820342512,3.143227346,0.7445399132,0.2646642517,361,82.79224972,36.45728809,2,0,0,2,0,0,4060.6,216.13,2338.88,323.46,72.93723236,11.585807
0,6.34,3.28,0.75,0.26,510,83.0,94.0,2,1,1,0,0,0,3035.95,476.62,3222.69,767.67,72.0,11.94573382
0,7.42,2.81,0.72,0.16,694,78.0,76.0,1,0,2,2,1,2,2011.81,315.73,2292.61,482.03,42.0,11.45020851
0,7.05,2.12,0.74,0.33,372,75.0,35.0,2,0,0,2,1,0,3138.2,228.91,1217.09,746.95,32.0,12.19612637
0,6.42,2.15,0.71,0.12,145,51.0,83.0,0,0,0,2,1,1,1976.28,407.9,2528.11,229.78,59.0,12.05550181
1,5.86,3.32,0.61,0.16,145,54.0,23.0,1,0,2,1,1,0,574.86,194.62,4331.73,745.12,72.0,12.01882806
0,6.96,2.91,0.59,0.16,571,80.0,78.0,1,1,2,0,0,1,4231.44,255.66,1354.43,361.91,33.0,11.53255844
0,5.822658652,3.939026701,0.54267005,0.3100488283,546,77.17514955,78.15010266,1,0,0,2,0,0,1808.47,343.5,2436.27,221.71,99.98468092,12.28428851
0,6.67,2.9,0.73,0.14,404,54.0,43.0,0,1,2,0,0,1,179.28,621.78,2626.14,228.42,39.0,11.09931324
0,7.44,2.18,0.53,0.19,361,65.0,82.0,2,0,2,2,1,0,2250.17,407.14,2381.88,335.87,68.0,12.30372892
0,5.89,3.2,0.5,0.18,599,65.0,68.0,0,0,0,1,1,1,3059.04,338.15,2547.95,572.69,70.0,11.17753847
0,5.71,4.34,0.66,0.26,294,48.0,67.0,2,0,0,2,1,2,3313.08,212.76,3635.85,690.65,42.0,12.37029545
0,5.65,3.24,0.71,0.27,199,86.0,80.0,0,0,1,1,0,0,377.77,164.14,4200.11,792.34,85.0,11.66090999
0,7.42,2.81,0.72,0.16,1,78.0,76.0,1,0,2,2,1,2,314.92,157.46,2292.61,482.03,42.0,11.24995631
0,6.25,2.45,0.64,0.17,237,91.0,31.0,1,1,1,1,1,1,310.72,131.25,618.66,271.69,45.0,12.19439132
4,5.05,3.94,0.65,0.34,92,64.0,53.0,2,1,0,2,1,0,2364.23,185.38,2862.26,197.3,91.0,11.49926802
0,5.82,3.94,0.54,0.31,545,77.0,78.0,1,0,0,2,0,0,1808.47,343.5,2436.27,221.71,99.0,12.28424881
0,6.872547033,3.345695033,0.5866617575,0.2952713976,509,59.22325633,59.18852899,0,1,1,2,1,0,4332.25,220.93,1623.48,284.73,76.4611602,12.30006575
0,6.42,3.7,0.53,0.38,583,83.0,32.0,2,1,1,2,1,0,110.69,488.87,519.32,262.95,83.0,11.10892004
0,6.23,3.85,0.55,0.21,513,42.0,96.0,2,1,0,2,1,1,2737.48,327.36,1231.01,749.07,67.0,11.97728287
0,6.7,3.12,0.73,0.3,135,39.0,40.0,2,0,0,0,0,0,2016.6,417.93,1559.79,221.11,80.0,12.20202206
0,6.700004551,3.124997996,0.7339788995,0.2976550407,404,39.78713543,40.33757967,2,0,0,0,0,0,2016.6,417.93,1559.79,221.11,80.69614811,12.28212019
0,6.038281112,3.974272181,0.6879580966,0.2923484835,415,39.97680539,66.22978009,1,1,0,0,1,0,3123.19,226.18,3147.96,466.79,61.72026878,11.99581296
0,5.15,4.13,0.79,0.11,497,51.0,52.0,0,0,0,1,1,1,4368.95,701.34,2229.06,294.91,54.0,12.31845513
0,5.05,2.23,0.61,0.13,265,33.0,78.0,0,1,1,1,0,2,58.26,254.49,1961.04,223.67,72.0,11.54945028
3,7.47,2.19,0.57,0.25,131,63.0,35.0,0,1,0,2,1,1,428.36,173.65,2898.12,195.96,36.0,11.42917152
0,6.415831946,3.699055831,0.5267928802,0.3787046167,584,83.09573536,32.91093708,2,1,1,2,1,0,110.69,488.87,519.32,262.95,83.57813217,11.10896279
0,7.44,2.18,0.53,0.19,361,65.0,82.0,2,0,2,2,1,0,2250.17,407.14,2381.88,335.87,68.0,12.30372892
0,7.12,3.59,0.53,0.11,143,38.0,79.0,0,0,2,1,0,1,2149.73,176.05,176.55,363.53,76.0,11.11070556
0,7.42,2.81,0.72,0.16,1,78.0,76.0,1,0,2,2,1,2,314.92,157.46,2292.61,482.03,42.0,11.24994104
0,6.8,2.67,0.67,0.24,545,54.0,89.0,1,1,0,1,1,1,4374.08,403.67,1396.45,718.65,80.0,11.47632097
3,5.21,4.08,0.71,0.34,376,22.0,39.0,1,1,0,2,1,0,593.41,194.87,2983.08,199.98,93.0,11.6439177
3,5.43,2.85,0.5,0.33,85,31.0,75.0,0,0,0,2,0,2,339.72,186.57,2877.66,195.43,46.0,11.43021253
2,6.8,2.67,0.67,0.24,181,54.0,89.0,1,1,0,1,1,1,802.74,186.42,2611.23,201.75,80.0,11.36833335
0,5.272688731,3.478986634,0.7700522335,0.2036450985,476,47.01421515,42.6264158,1,1,0,0,1,2,2044.89,611.18,4048.1,687.35,45.67998475,11.29916405
3,7.27,3.92,0.51,0.36,335,45.0,93.0,2,1,1,0,0,2,458.12,171.75,2889.94,193.49,52.0,12.30780563
0,5.26,3.23,0.66,0.38,414,57.0,95.0,2,1,0,0,1,1,3522.42,761.63,2418.01,668.18,50.0,12.32254217
0,6.936613633,2.458728956,0.6410727249,0.2013826597,629,45.97407557,83.79477872,2,1,1,0,0,1,2775.41,236.2,2190.72,647.18,76.95303522,11.23039996
0,6.94,2.46,0.64,0.2,628,45.0,83.0,2,1,1,0,0,1,2775.41,236.2,2190.72,647.18,76.0,11.23035416
2,5.41,3.39,0.67,0.11,92,32.0,30.0,2,1,1,0,1,0,830.12,209.87,2474.14,199.64,60.0,11.21449771
0,6.96,2.91,0.59,0.16,381,80.0,78.0,1,1,2,0,0,1,843.41,185.28,1354.43,361.91,33.0,11.47528924
0,7.01,4.45,0.66,0.36,495,76.0,75.0,2,1,2,2,1,1,801.43,728.17,364.2,741.87,35.0,11.76602082
0,5.89,3.2,0.5,0.18,399,65.0,68.0,0,0,0,1,1,1,3059.04,338.15,2547.95,572.69,70.0,11.11727229
0,6.09,2.93,0.69,0.2,441,72.0,35.0,1,1,1,1,1,1,300.94,149.28,2405.18,406.77,34.0,12.13609494
0,7.07,3.85,0.61,0.32,139,32.0,55.0,1,0,2,0,0,1,354.9,177.76,1003.85,774.62,95.0,11.40492475
